# Chunk-averaged data for fix tz and group all
# Timestep Number-of-chunks Total-count
# Chunk Coord1 Ncount temp density/number
25000 81 393216.0000000002
  1 -5.91964 4884.58 823.603 0.0543046
  2 -0.919644 4887.47 825.53 0.0543368
  3 4.08036 4893.2 823.642 0.0544005
  4 9.08036 4883.82 825.274 0.0542963
  5 14.0804 4881.84 825.863 0.0542742
  6 19.0804 4894.89 824.006 0.0544193
  7 24.0804 4896.55 821.423 0.0544377
  8 29.0804 4878.7 821.177 0.0542392
  9 34.0804 4891.42 817.893 0.0543807
  10 39.0804 4899.47 818.922 0.0544702
  11 44.0804 4889.85 819.884 0.0543632
  12 49.0804 4894.79 817.496 0.0544182
  13 54.0804 4892.45 813.896 0.0543921
  14 59.0804 4886.7 814.823 0.0543283
  15 64.0804 4891.6 815.408 0.0543827
  16 69.0804 4901.92 812.867 0.0544975
  17 74.0804 4896.87 812.059 0.0544413
  18 79.0804 4896.27 809.309 0.0544347
  19 84.0804 4891.7 806.412 0.0543838
  20 89.0804 4904.75 805.818 0.0545289
  21 94.0804 4911 803.924 0.0545983
  22 99.0804 4902.8 805.091 0.0545072
  23 104.08 4898.65 807.619 0.0544611
  24 109.08 4889.25 809.3 0.0543565
  25 114.08 4899.81 808.722 0.054474
  26 119.08 4898.19 812.633 0.054456
  27 124.08 4890.6 813.824 0.0543716
  28 129.08 4891.79 816.99 0.0543849
  29 134.08 4889.89 816.234 0.0543637
  30 139.08 4893.31 819.034 0.0544018
  31 144.08 4884.21 822.801 0.0543006
  32 149.08 4892.91 823.155 0.0543973
  33 154.08 4892.96 823.325 0.0543979
  34 159.08 4886.71 822.097 0.0543283
  35 164.08 4887.88 822.274 0.0543414
  36 169.08 4885.83 819.722 0.0543186
  37 174.08 4899.96 821.293 0.0544757
  38 179.08 4908.68 822.393 0.0545726
  39 184.08 4856.9 823.774 0.053997
  40 189.08 4974.68 827.657 0.0553064
  41 194.08 4835.53 827.518 0.0537594
  42 199.08 4962.52 828.869 0.0551712
  43 204.08 4864.69 831.334 0.0540836
  44 209.08 4886.01 830.904 0.0543206
  45 214.08 4884.36 834.726 0.0543023
  46 219.08 4883.4 836.204 0.0542916
  47 224.08 4882.51 836.008 0.0542816
  48 229.08 4875.56 835.963 0.0542043
  49 234.08 4880.07 839.243 0.0542545
  50 239.08 4878.67 841.48 0.054239
  51 244.08 4879.5 840.819 0.0542482
  52 249.08 4874.53 840.291 0.0541929
  53 254.08 4882.82 840.24 0.0542851
  54 259.08 4875.59 841.879 0.0542047
  55 264.08 4871.71 845.304 0.0541616
  56 269.08 4873.24 847.213 0.0541786
  57 274.08 4867.92 845.94 0.0541194
  58 279.08 4881.65 849.876 0.0542721
  59 284.08 4870.59 851.378 0.0541491
  60 289.08 4873.19 851.926 0.0541781
  61 294.08 4873.58 853.465 0.0541824
  62 299.08 4869.28 852.998 0.0541345
  63 304.08 4868.76 853.844 0.0541288
  64 309.08 4866.73 854.598 0.0541062
  65 314.08 4870.15 852.157 0.0541443
  66 319.08 4867.49 849.612 0.0541147
  67 324.08 4870.07 848.833 0.0541434
  68 329.08 4875.91 846.283 0.0542082
  69 334.08 4876.58 840.501 0.0542157
  70 339.08 4874.43 842.6 0.0541918
  71 344.08 4884.18 838.784 0.0543002
  72 349.08 4878.07 840.016 0.0542323
  73 354.08 4870.87 840.761 0.0541523
  74 359.08 4881.14 839.725 0.0542664
  75 364.08 4881.62 837.02 0.0542718
  76 369.08 4881.92 832.835 0.0542751
  77 374.08 4883.69 832.439 0.0542948
  78 379.08 4883.65 829.878 0.0542943
  79 384.08 4882.78 827.621 0.0542847
  80 389.08 4888.54 826.294 0.0543487
  81 394.08 2327.6 826.554 0.0258772
30000 81 393216.00000000006
  1 -5.91964 4877.05 825.548 0.0542209
  2 -0.919644 4897.9 824.084 0.0544528
  3 4.08036 4889.69 824.741 0.0543614
  4 9.08036 4879.97 825.221 0.0542534
  5 14.0804 4890.47 822.869 0.0543702
  6 19.0804 4896.56 822.793 0.0544379
  7 24.0804 4888.5 818.5 0.0543483
  8 29.0804 4889.87 818.092 0.0543635
  9 34.0804 4893.11 817.34 0.0543995
  10 39.0804 4893.13 817.496 0.0543997
  11 44.0804 4886.86 819.712 0.0543301
  12 49.0804 4894.47 817.041 0.0544146
  13 54.0804 4894.68 813.895 0.054417
  14 59.0804 4894.14 815.999 0.054411
  15 64.0804 4896.59 814.477 0.0544381
  16 69.0804 4891.02 809.346 0.0543762
  17 74.0804 4893.45 808.45 0.0544033
  18 79.0804 4900.46 808.926 0.0544812
  19 84.0804 4894.63 807.862 0.0544164
  20 89.0804 4904.88 804.388 0.0545303
  21 94.0804 4908.08 806.358 0.0545659
  22 99.0804 4890.06 807.711 0.0543656
  23 104.08 4906.24 809.522 0.0545455
  24 109.08 4890.58 806.898 0.0543713
  25 114.08 4892.16 807.324 0.054389
  26 119.08 4895.86 808.011 0.0544301
  27 124.08 4903.03 810.626 0.0545098
  28 129.08 4897.72 814.58 0.0544508
  29 134.08 4888.71 814.313 0.0543506
  30 139.08 4888.13 817.336 0.0543441
  31 144.08 4891.94 821.53 0.0543865
  32 149.08 4893.14 821.089 0.0543998
  33 154.08 4891.28 821.504 0.0543792
  34 159.08 4891.25 817.879 0.0543789
  35 164.08 4892.47 819.107 0.0543924
  36 169.08 4880.54 822.098 0.0542597
  37 174.08 4888.7 820.665 0.0543504
  38 179.08 4921.1 825.203 0.0547106
  39 184.08 4864.51 828.791 0.0540816
  40 189.08 4949.35 829.038 0.0550247
  41 194.08 4849.18 829.736 0.0539111
  42 199.08 4945.5 829.922 0.0549819
  43 204.08 4876.33 828.817 0.0542129
  44 209.08 4880.47 831.939 0.054259
  45 214.08 4890.9 834.497 0.0543749
  46 219.08 4878.41 836.613 0.0542361
  47 224.08 4868.03 838.344 0.0541207
  48 229.08 4882.72 839.718 0.054284
  49 234.08 4885.59 836.482 0.0543159
  50 239.08 4880.17 838.144 0.0542556
  51 244.08 4880.47 837.648 0.0542589
  52 249.08 4872.69 839.301 0.0541725
  53 254.08 4881.29 842.013 0.054268
  54 259.08 4876.37 846.1 0.0542134
  55 264.08 4870.1 847.742 0.0541437
  56 269.08 4869.3 849.883 0.0541348
  57 274.08 4873.06 848.656 0.0541766
  58 279.08 4871.45 850.371 0.0541587
  59 284.08 4874.13 852.528 0.0541885
  60 289.08 4865.76 852.614 0.0540954
  61 294.08 4869.46 852.876 0.0541366
  62 299.08 4873 855.279 0.054176
  63 304.08 4874.01 853.521 0.0541871
  64 309.08 4869.32 851.362 0.054135
  65 314.08 4868.51 848.601 0.054126
  66 319.08 4882.53 847.149 0.0542819
  67 324.08 4873.79 846.58 0.0541847
  68 329.08 4869.68 846.088 0.0541391
  69 334.08 4873.09 846.056 0.0541769
  70 339.08 4880.84 844.248 0.0542631
  71 344.08 4877.76 842.226 0.0542288
  72 349.08 4877.53 836.783 0.0542263
  73 354.08 4880.5 838.188 0.0542593
  74 359.08 4884.34 837.411 0.054302
  75 364.08 4882.07 838.266 0.0542767
  76 369.08 4881.38 837.207 0.0542691
  77 374.08 4878.68 833.703 0.054239
  78 379.08 4885.5 826.463 0.0543148
  79 384.08 4891.5 828.694 0.0543816
  80 389.08 4879.8 832.708 0.0542515
  81 394.08 2318.48 830.922 0.0257758
35000 81 393216.00000000006
  1 -5.91964 4889.42 828.323 0.0543585
  2 -0.919644 4879.14 828.331 0.0542442
  3 4.08036 4889.18 829.239 0.0543558
  4 9.08036 4879.04 824.321 0.0542431
  5 14.0804 4887.4 820.632 0.0543361
  6 19.0804 4895.72 820.69 0.0544286
  7 24.0804 4891.7 819.262 0.0543838
  8 29.0804 4888.44 818.71 0.0543476
  9 34.0804 4892.07 818.17 0.054388
  10 39.0804 4890.57 819.299 0.0543713
  11 44.0804 4887.59 815.782 0.0543382
  12 49.0804 4888.3 814.854 0.054346
  13 54.0804 4900.02 816.232 0.0544763
  14 59.0804 4900.57 812.438 0.0544824
  15 64.0804 4896.17 810.908 0.0544335
  16 69.0804 4892.53 812.108 0.0543931
  17 74.0804 4898.48 810.923 0.0544592
  18 79.0804 4907.78 807.597 0.0545626
  19 84.0804 4894 806.057 0.0544094
  20 89.0804 4912.27 808.014 0.0546125
  21 94.0804 4899.02 806.98 0.0544652
  22 99.0804 4899.79 807.753 0.0544737
  23 104.08 4892.79 809.282 0.0543959
  24 109.08 4890.44 810.557 0.0543698
  25 114.08 4903.47 809.554 0.0545147
  26 119.08 4901.6 811.642 0.0544938
  27 124.08 4899 813.572 0.054465
  28 129.08 4895.84 813.447 0.0544298
  29 134.08 4891.16 813.312 0.0543778
  30 139.08 4892.26 815.938 0.0543901
  31 144.08 4893.97 818.795 0.0544091
  32 149.08 4890.07 818.563 0.0543657
  33 154.08 4898.1 818.295 0.054455
  34 159.08 4892.91 818.02 0.0543973
  35 164.08 4886.72 821.787 0.0543285
  36 169.08 4887.35 822.036 0.0543355
  37 174.08 4887.51 826.911 0.0543372
  38 179.08 4901.12 825.991 0.0544885
  39 184.08 4888.74 825.45 0.0543509
  40 189.08 4917.24 824.141 0.0546678
  41 194.08 4875.92 826.39 0.0542084
  42 199.08 4926.12 828.913 0.0547665
  43 204.08 4880.91 830.507 0.0542639
  44 209.08 4886.34 833.04 0.0543242
  45 214.08 4883.58 831.349 0.0542935
  46 219.08 4882.52 831.462 0.0542817
  47 224.08 4882.46 835.393 0.0542811
  48 229.08 4873.89 834.671 0.0541858
  49 234.08 4882.01 836.831 0.0542761
  50 239.08 4878.01 838.649 0.0542316
  51 244.08 4879.5 839.613 0.0542482
  52 249.08 4876.46 842.891 0.0542143
  53 254.08 4874.02 844.93 0.0541872
  54 259.08 4871 843.7 0.0541536
  55 264.08 4875.61 844.285 0.0542049
  56 269.08 4870.29 849.556 0.0541458
  57 274.08 4871.52 855.426 0.0541595
  58 279.08 4868.82 851.182 0.0541295
  59 284.08 4866.52 850.658 0.0541039
  60 289.08 4870.44 852.373 0.0541475
  61 294.08 4880.54 852.075 0.0542598
  62 299.08 4867.76 851.404 0.0541177
  63 304.08 4869.85 848.344 0.0541409
  64 309.08 4873.47 847.271 0.0541811
  65 314.08 4869.63 846.108 0.0541384
  66 319.08 4882.91 844.717 0.0542861
  67 324.08 4873.47 842.647 0.0541811
  68 329.08 4875.43 844.021 0.0542029
  69 334.08 4873.36 842.86 0.05418
  70 339.08 4876.56 840.203 0.0542155
  71 344.08 4877.55 842.333 0.0542265
  72 349.08 4876.97 838.803 0.05422
  73 354.08 4878.1 837.872 0.0542326
  74 359.08 4880.01 838.583 0.0542538
  75 364.08 4875.6 839.609 0.0542049
  76 369.08 4871.07 833.514 0.0541545
  77 374.08 4880.3 830.7 0.0542571
  78 379.08 4891.78 828.072 0.0543847
  79 384.08 4888 828.791 0.0543427
  80 389.08 4888.23 828.21 0.0543452
  81 394.08 2319.97 827.648 0.0257925
40000 81 393216
  1 -5.91964 4890.86 823.591 0.0543744
  2 -0.919644 4895.02 820.735 0.0544207
  3 4.08036 4886.56 819.732 0.0543267
  4 9.08036 4888.08 819.54 0.0543436
  5 14.0804 4891.3 822.558 0.0543793
  6 19.0804 4885.17 825.798 0.0543112
  7 24.0804 4893.25 823.271 0.054401
  8 29.0804 4885.69 822.277 0.054317
  9 34.0804 4900.53 818.621 0.054482
  10 39.0804 4889.28 813.919 0.0543569
  11 44.0804 4892.98 812.608 0.054398
  12 49.0804 4890.14 815.189 0.0543665
  13 54.0804 4895.83 812.455 0.0544298
  14 59.0804 4904.71 810.806 0.0545285
  15 64.0804 4895.09 809.193 0.0544215
  16 69.0804 4902.28 810.498 0.0545014
  17 74.0804 4896.14 806.568 0.0544332
  18 79.0804 4900.21 807.362 0.0544785
  19 84.0804 4903.27 806.526 0.0545125
  20 89.0804 4905.83 806.063 0.0545409
  21 94.0804 4903.7 805.341 0.0545172
  22 99.0804 4894.02 805.214 0.0544096
  23 104.08 4894.72 810.875 0.0544174
  24 109.08 4902.99 808.684 0.0545094
  25 114.08 4897.75 808.868 0.0544511
  26 119.08 4896.25 811.828 0.0544344
  27 124.08 4888.77 815.373 0.0543512
  28 129.08 4896.37 814.604 0.0544357
  29 134.08 4895.26 811.084 0.0544234
  30 139.08 4894.81 811.976 0.0544184
  31 144.08 4908.56 813.354 0.0545712
  32 149.08 4886.32 817.151 0.054324
  33 154.08 4884.52 816.629 0.054304
  34 159.08 4896.27 816.65 0.0544346
  35 164.08 4894.26 820.013 0.0544123
  36 169.08 4887.41 821.686 0.0543362
  37 174.08 4890.19 824.026 0.054367
  38 179.08 4903.75 823.874 0.0545178
  39 184.08 4890.5 826.115 0.0543705
  40 189.08 4902.21 826.454 0.0545007
  41 194.08 4899.53 828.403 0.0544709
  42 199.08 4898.88 831.17 0.0544636
  43 204.08 4887.86 830.104 0.0543411
  44 209.08 4881.57 830.735 0.0542712
  45 214.08 4885.11 834.866 0.0543106
  46 219.08 4873.55 840.06 0.054182
  47 224.08 4884.25 836.908 0.054301
  48 229.08 4878.59 837.155 0.0542381
  49 234.08 4881.5 835.837 0.0542704
  50 239.08 4871.6 837.08 0.0541603
  51 244.08 4874.28 839.29 0.0541901
  52 249.08 4878.45 840.942 0.0542365
  53 254.08 4884.83 844.327 0.0543074
  54 259.08 4869.13 843.251 0.0541329
  55 264.08 4873.43 844.878 0.0541807
  56 269.08 4871.02 848.466 0.054154
  57 274.08 4867.69 847.071 0.0541169
  58 279.08 4869.08 847.704 0.0541323
  59 284.08 4871.73 851.056 0.0541618
  60 289.08 4863.21 853.46 0.0540671
  61 294.08 4873.43 854.828 0.0541807
  62 299.08 4874.84 852.975 0.0541963
  63 304.08 4868.42 849.27 0.054125
  64 309.08 4876.26 846.766 0.0542122
  65 314.08 4865.24 846.18 0.0540897
  66 319.08 4874.52 844.797 0.0541928
  67 324.08 4868.63 842.591 0.0541274
  68 329.08 4875.9 843.574 0.0542082
  69 334.08 4882.15 842.487 0.0542776
  70 339.08 4877.85 836.695 0.0542298
  71 344.08 4866.02 842.194 0.0540984
  72 349.08 4876.95 840.676 0.0542199
  73 354.08 4881.46 837.286 0.05427
  74 359.08 4881.09 837.664 0.0542659
  75 364.08 4882.05 834.369 0.0542765
  76 369.08 4878.51 836.547 0.0542372
  77 374.08 4880.96 834.148 0.0542644
  78 379.08 4877.9 832.365 0.0542304
  79 384.08 4886.33 832.164 0.0543241
  80 389.08 4882.74 827.699 0.0542842
  81 394.08 2318.6 826.082 0.0257772
45000 81 393216.00000000006
  1 -5.91964 4896.91 825.128 0.0544417
  2 -0.919644 4887.63 825.027 0.0543385
  3 4.08036 4887.39 824.578 0.0543359
  4 9.08036 4882.73 827.026 0.0542841
  5 14.0804 4880.57 824.512 0.0542601
  6 19.0804 4888.09 818.611 0.0543436
  7 24.0804 4898.57 819.784 0.0544602
  8 29.0804 4894.73 818.688 0.0544175
  9 34.0804 4888.41 817.278 0.0543472
  10 39.0804 4890.39 816.521 0.0543693
  11 44.0804 4893.47 814.614 0.0544035
  12 49.0804 4903.55 809.689 0.0545156
  13 54.0804 4904.68 809.711 0.0545281
  14 59.0804 4886.1 809.505 0.0543216
  15 64.0804 4901.71 808.772 0.0544951
  16 69.0804 4904.84 809.169 0.0545299
  17 74.0804 4901.67 807.58 0.0544946
  18 79.0804 4895.69 807.354 0.0544281
  19 84.0804 4902.51 805.097 0.054504
  20 89.0804 4897.95 804.863 0.0544534
  21 94.0804 4906.13 804.814 0.0545442
  22 99.0804 4903.06 806.154 0.0545101
  23 104.08 4897.49 806.247 0.0544482
  24 109.08 4894.04 807.435 0.0544098
  25 114.08 4898.25 807.177 0.0544566
  26 119.08 4897.29 808.203 0.054446
  27 124.08 4900.37 808.748 0.0544802
  28 129.08 4896.44 808.405 0.0544366
  29 134.08 4894.42 808.431 0.0544141
  30 139.08 4893.87 809.432 0.0544079
  31 144.08 4899.46 811.109 0.0544701
  32 149.08 4885.95 815.577 0.0543199
  33 154.08 4892.95 818.682 0.0543977
  34 159.08 4892.1 821.109 0.0543882
  35 164.08 4894.53 823.367 0.0544153
  36 169.08 4886.28 821.971 0.0543235
  37 174.08 4884.1 821.174 0.0542993
  38 179.08 4899.22 822.032 0.0544674
  39 184.08 4890.53 822.27 0.0543708
  40 189.08 4894.94 821.981 0.0544198
  41 194.08 4901.65 825.752 0.0544944
  42 199.08 4881.34 825.374 0.0542687
  43 204.08 4895.8 828.402 0.0544294
  44 209.08 4885.97 828.393 0.0543201
  45 214.08 4883.33 829.752 0.0542908
  46 219.08 4869.84 832.4 0.0541408
  47 224.08 4886.85 833.997 0.0543299
  48 229.08 4881.01 835.263 0.054265
  49 234.08 4877.99 836.547 0.0542314
  50 239.08 4871.14 838.417 0.0541552
  51 244.08 4880.68 844.937 0.0542613
  52 249.08 4869.42 847.446 0.0541361
  53 254.08 4873.38 846.191 0.0541802
  54 259.08 4876.73 844.89 0.0542173
  55 264.08 4869.22 846.5 0.0541339
  56 269.08 4871.01 848.149 0.0541538
  57 274.08 4869.09 848.444 0.0541324
  58 279.08 4877.89 848.728 0.0542303
  59 284.08 4866.61 851.085 0.0541049
  60 289.08 4864.23 852.494 0.0540784
  61 294.08 4877.19 854.405 0.0542225
  62 299.08 4874.52 852.303 0.0541928
  63 304.08 4877.63 844.365 0.0542274
  64 309.08 4874.52 846.373 0.0541928
  65 314.08 4870.31 846.424 0.0541461
  66 319.08 4878.28 844.041 0.0542346
  67 324.08 4873.73 842.757 0.0541841
  68 329.08 4875.61 843.192 0.0542049
  69 334.08 4878.65 843.373 0.0542388
  70 339.08 4873.47 841.596 0.0541811
  71 344.08 4878.83 838.802 0.0542407
  72 349.08 4884.25 838.465 0.054301
  73 354.08 4870.29 839.487 0.0541458
  74 359.08 4865.84 839.114 0.0540963
  75 364.08 4888.17 837.213 0.0543446
  76 369.08 4885.28 831.381 0.0543125
  77 374.08 4881.12 832.165 0.0542662
  78 379.08 4881.54 835.311 0.0542709
  79 384.08 4879.36 833.876 0.0542466
  80 389.08 4885.35 826.612 0.0543132
  81 394.08 2319.91 825.403 0.0257918
50000 81 393215.9999999999
  1 -5.91964 4878.52 828.252 0.0542373
  2 -0.919644 4889.32 826.227 0.0543573
  3 4.08036 4897.79 823.613 0.0544515
  4 9.08036 4881.46 825.06 0.05427
  5 14.0804 4890.78 822.669 0.0543736
  6 19.0804 4888.95 823.676 0.0543532
  7 24.0804 4893.09 818.893 0.0543992
  8 29.0804 4888.84 816.735 0.054352
  9 34.0804 4891.64 816.115 0.0543832
  10 39.0804 4894.14 813.909 0.054411
  11 44.0804 4900.66 812.352 0.0544835
  12 49.0804 4894.01 810.261 0.0544095
  13 54.0804 4896.51 810.123 0.0544373
  14 59.0804 4901.98 809.464 0.0544982
  15 64.0804 4895.78 807.611 0.0544292
  16 69.0804 4900.51 806.882 0.0544818
  17 74.0804 4898.03 809.859 0.0544542
  18 79.0804 4905.43 807.441 0.0545365
  19 84.0804 4899.43 804.806 0.0544698
  20 89.0804 4905.27 804.344 0.0545347
  21 94.0804 4903.55 804.432 0.0545155
  22 99.0804 4904.84 801.865 0.0545299
  23 104.08 4898.4 804.066 0.0544583
  24 109.08 4898.85 808.383 0.0544633
  25 114.08 4898.83 807.881 0.0544631
  26 119.08 4895.4 809.325 0.054425
  27 124.08 4894 810.405 0.0544094
  28 129.08 4895.09 812.694 0.0544215
  29 134.08 4893.8 814.593 0.0544072
  30 139.08 4900.36 816.224 0.0544801
  31 144.08 4891.1 814.811 0.0543772
  32 149.08 4888.51 817.977 0.0543484
  33 154.08 4891.98 818.412 0.0543869
  34 159.08 4886.84 817.704 0.0543298
  35 164.08 4894.73 816.954 0.0544175
  36 169.08 4897.13 819.821 0.0544442
  37 174.08 4883.66 825.486 0.0542945
  38 179.08 4890.69 823.65 0.0543726
  39 184.08 4887.28 823.736 0.0543347
  40 189.08 4896.27 825.569 0.0544346
  41 194.08 4895.68 825.092 0.0544281
  42 199.08 4887.28 825.296 0.0543347
  43 204.08 4890.08 825.193 0.0543658
  44 209.08 4884.73 828.516 0.0543064
  45 214.08 4881.69 830.276 0.0542726
  46 219.08 4883.73 831.201 0.0542952
  47 224.08 4878.03 833.231 0.0542318
  48 229.08 4882.94 834.026 0.0542865
  49 234.08 4872.38 840.406 0.054169
  50 239.08 4876.13 844.251 0.0542108
  51 244.08 4876.71 845.662 0.0542172
  52 249.08 4874.82 841.871 0.0541962
  53 254.08 4880.5 843.629 0.0542593
  54 259.08 4877.68 843.166 0.054228
  55 264.08 4868.65 843.122 0.0541275
  56 269.08 4874.38 846.379 0.0541912
  57 274.08 4878.98 850.465 0.0542425
  58 279.08 4867.46 851.066 0.0541143
  59 284.08 4866.41 847.365 0.0541026
  60 289.08 4870.8 852.619 0.0541515
  61 294.08 4873.08 851.351 0.0541769
  62 299.08 4870.73 852.596 0.0541507
  63 304.08 4873.08 852.032 0.0541768
  64 309.08 4872.98 846.927 0.0541757
  65 314.08 4877.53 844.748 0.0542263
  66 319.08 4876.5 845.008 0.0542149
  67 324.08 4872.56 842.909 0.054171
  68 329.08 4875.28 842.84 0.0542012
  69 334.08 4870.3 840.527 0.0541459
  70 339.08 4876.14 841.559 0.0542108
  71 344.08 4876.08 840.816 0.0542102
  72 349.08 4878.16 841.34 0.0542332
  73 354.08 4865.75 840.894 0.0540953
  74 359.08 4886.27 838.706 0.0543234
  75 364.08 4889.64 834.311 0.0543609
  76 369.08 4868.96 835.159 0.054131
  77 374.08 4877.48 834.021 0.0542257
  78 379.08 4892.68 831.114 0.0543947
  79 384.08 4883.71 827.555 0.054295
  80 389.08 4888.41 830.138 0.0543473
  81 394.08 2318.15 829.085 0.0257722
55000 81 393215.9999999998
  1 -5.91964 4888.95 827.911 0.0543532
  2 -0.919644 4887 824.772 0.0543316
  3 4.08036 4890.92 824.237 0.0543751
  4 9.08036 4892.39 824.036 0.0543915
  5 14.0804 4889.99 825.699 0.0543648
  6 19.0804 4884.1 823.745 0.0542993
  7 24.0804 4890.78 820.623 0.0543736
  8 29.0804 4893.37 820.91 0.0544023
  9 34.0804 4891.84 818.676 0.0543854
  10 39.0804 4901.71 815.563 0.0544952
  11 44.0804 4891.52 816.15 0.0543818
  12 49.0804 4889.83 815.491 0.054363
  13 54.0804 4897.33 814.563 0.0544465
  14 59.0804 4899.74 811.396 0.0544733
  15 64.0804 4893.93 811.468 0.0544086
  16 69.0804 4899.1 809.204 0.0544661
  17 74.0804 4900.78 803.519 0.0544848
  18 79.0804 4907.95 801.126 0.0545645
  19 84.0804 4894.59 803.165 0.054416
  20 89.0804 4903.6 804.441 0.0545162
  21 94.0804 4908.44 803.698 0.05457
  22 99.0804 4895.26 805.236 0.0544234
  23 104.08 4903.28 808.02 0.0545126
  24 109.08 4897.31 807.314 0.0544462
  25 114.08 4899.37 809.134 0.0544691
  26 119.08 4901.97 812.627 0.054498
  27 124.08 4891.22 813.476 0.0543785
  28 129.08 4900.56 812.451 0.0544823
  29 134.08 4895.69 813.988 0.0544281
  30 139.08 4895.82 815.763 0.0544296
  31 144.08 4891.6 816.195 0.0543827
  32 149.08 4889.28 817.105 0.0543569
  33 154.08 4889.78 817.248 0.0543625
  34 159.08 4893.16 819.473 0.0544
  35 164.08 4891.93 820.834 0.0543863
  36 169.08 4899.47 821.541 0.0544702
  37 174.08 4886.16 821.968 0.0543222
  38 179.08 4887.73 824.077 0.0543397
  39 184.08 4890.84 823.481 0.0543742
  40 189.08 4880.34 824.673 0.0542575
  41 194.08 4900.9 823.562 0.0544861
  42 199.08 4886.75 827.614 0.0543287
  43 204.08 4883.37 828.114 0.0542912
  44 209.08 4889.15 825.212 0.0543554
  45 214.08 4883.08 828.396 0.054288
  46 219.08 4889.04 830.606 0.0543543
  47 224.08 4878.48 833.095 0.0542368
  48 229.08 4874.78 834.816 0.0541957
  49 234.08 4887.9 839.844 0.0543416
  50 239.08 4881.39 839.428 0.0542692
  51 244.08 4872.17 840.413 0.0541667
  52 249.08 4870.48 844.834 0.0541479
  53 254.08 4875.95 844.551 0.0542087
  54 259.08 4875.94 843.672 0.0542086
  55 264.08 4869.52 844.701 0.0541372
  56 269.08 4869.52 848.441 0.0541372
  57 274.08 4876.24 848.294 0.0542119
  58 279.08 4872.77 849.945 0.0541734
  59 284.08 4882.96 850.437 0.0542867
  60 289.08 4870.1 852.658 0.0541437
  61 294.08 4862.55 852.483 0.0540598
  62 299.08 4875 856.462 0.0541981
  63 304.08 4863.53 854.022 0.0540707
  64 309.08 4868.65 850.832 0.0541276
  65 314.08 4878.83 850.584 0.0542407
  66 319.08 4872.85 847.71 0.0541743
  67 324.08 4869.58 845.339 0.0541379
  68 329.08 4880.02 842.165 0.0542539
  69 334.08 4872.43 841.931 0.0541696
  70 339.08 4877.87 839.926 0.0542301
  71 344.08 4869.56 844.005 0.0541376
  72 349.08 4876.8 841.6 0.0542182
  73 354.08 4880.12 838.647 0.0542551
  74 359.08 4880.8 840.895 0.0542626
  75 364.08 4876.07 838.715 0.0542101
  76 369.08 4882.54 835.07 0.054282
  77 374.08 4886.28 832.026 0.0543236
  78 379.08 4887.32 830.123 0.0543351
  79 384.08 4883.29 828.98 0.0542904
  80 389.08 4885.13 828.398 0.0543107
  81 394.08 2317.68 827.439 0.0257669
60000 81 393215.99999999994
  1 -5.91964 4885.59 826.056 0.0543159
  2 -0.919644 4885.14 827.761 0.0543109
  3 4.08036 4889.63 827.893 0.0543608
  4 9.08036 4876.81 827.371 0.0542182
  5 14.0804 4890.2 825.02 0.0543671
  6 19.0804 4892 820.723 0.0543872
  7 24.0804 4891.75 821.86 0.0543843
  8 29.0804 4891.55 820.606 0.0543821
  9 34.0804 4893.46 815.297 0.0544034
  10 39.0804 4899.73 815.729 0.0544731
  11 44.0804 4889.98 816.262 0.0543647
  12 49.0804 4894.55 815.095 0.0544156
  13 54.0804 4893.19 812.992 0.0544004
  14 59.0804 4903.46 809.582 0.0545145
  15 64.0804 4897.71 811.548 0.0544506
  16 69.0804 4898.58 811.197 0.0544603
  17 74.0804 4899.95 805.447 0.0544755
  18 79.0804 4904.16 805.485 0.0545223
  19 84.0804 4909.95 804.282 0.0545867
  20 89.0804 4895.12 805.505 0.0544218
  21 94.0804 4908.24 804.476 0.0545678
  22 99.0804 4899.93 806.31 0.0544753
  23 104.08 4899.9 806.174 0.0544749
  24 109.08 4901.22 807.064 0.0544896
  25 114.08 4892.39 809.045 0.0543915
  26 119.08 4898.99 811.76 0.0544649
  27 124.08 4898.66 817.076 0.0544612
  28 129.08 4898.28 814.968 0.054457
  29 134.08 4889.84 813.272 0.0543631
  30 139.08 4890.75 812.19 0.0543732
  31 144.08 4897.38 812.352 0.054447
  32 149.08 4892.9 814.379 0.0543972
  33 154.08 4897 817.626 0.0544427
  34 159.08 4895.59 817.168 0.0544271
  35 164.08 4884.99 819.18 0.0543092
  36 169.08 4894.81 822.486 0.0544184
  37 174.08 4889.33 823.299 0.0543574
  38 179.08 4877.25 825.231 0.0542232
  39 184.08 4886.22 824.675 0.0543229
  40 189.08 4895.56 821.032 0.0544267
  41 194.08 4898.2 821.981 0.0544561
  42 199.08 4891.95 823.18 0.0543866
  43 204.08 4888.74 825.062 0.0543509
  44 209.08 4879.26 828.024 0.0542455
  45 214.08 4890.53 827.631 0.0543709
  46 219.08 4881.88 832.47 0.0542747
  47 224.08 4882.23 834.195 0.0542785
  48 229.08 4877.8 839.226 0.0542293
  49 234.08 4870.14 840.948 0.0541442
  50 239.08 4882.73 841.999 0.0542841
  51 244.08 4873.94 844.7 0.0541864
  52 249.08 4877.83 842.434 0.0542296
  53 254.08 4877.86 845.728 0.0542299
  54 259.08 4875.04 843.653 0.0541986
  55 264.08 4874.89 844.043 0.0541969
  56 269.08 4879.06 846.643 0.0542433
  57 274.08 4864.9 849.232 0.0540859
  58 279.08 4868.71 852.807 0.0541282
  59 284.08 4876.8 852.154 0.0542182
  60 289.08 4870.1 854.03 0.0541437
  61 294.08 4866.67 851.65 0.0541056
  62 299.08 4875.31 852.701 0.0542016
  63 304.08 4875.48 851.86 0.0542035
  64 309.08 4867.39 852.399 0.0541136
  65 314.08 4859.65 854.265 0.0540275
  66 319.08 4866.71 851.797 0.054106
  67 324.08 4876.13 850.57 0.0542107
  68 329.08 4875.23 847.509 0.0542007
  69 334.08 4880.1 842.811 0.0542548
  70 339.08 4877.78 841.457 0.0542291
  71 344.08 4871.69 838.797 0.0541614
  72 349.08 4878.49 839.012 0.054237
  73 354.08 4882.15 837.384 0.0542777
  74 359.08 4880.09 838.206 0.0542547
  75 364.08 4889.01 836.793 0.0543539
  76 369.08 4884.71 836.041 0.0543061
  77 374.08 4885.43 835.921 0.0543141
  78 379.08 4874.31 836.211 0.0541905
  79 384.08 4884.45 831.118 0.0543032
  80 389.08 4887.32 828.522 0.0543351
  81 394.08 2323.56 825.484 0.0258323
65000 81 393216.00000000006
  1 -5.91964 4884.56 832.152 0.0543045
  2 -0.919644 4879.43 826.298 0.0542474
  3 4.08036 4889.95 826.158 0.0543644
  4 9.08036 4880.55 826.405 0.0542598
  5 14.0804 4898.2 821.777 0.0544561
  6 19.0804 4881.34 820.073 0.0542686
  7 24.0804 4895.57 821.285 0.0544268
  8 29.0804 4891.15 819.515 0.0543777
  9 34.0804 4888.19 818.8 0.0543448
  10 39.0804 4894.16 819.867 0.0544112
  11 44.0804 4897.6 816.243 0.0544494
  12 49.0804 4888.17 816.135 0.0543445
  13 54.0804 4888.73 812.654 0.0543508
  14 59.0804 4906.35 811.732 0.0545467
  15 64.0804 4897.67 810.021 0.0544502
  16 69.0804 4898.68 811.387 0.0544614
  17 74.0804 4900.87 806.934 0.0544858
  18 79.0804 4896.64 805.913 0.0544387
  19 84.0804 4903.11 804.139 0.0545107
  20 89.0804 4907.23 806.003 0.0545565
  21 94.0804 4908.24 804.555 0.0545677
  22 99.0804 4902.18 806.101 0.0545003
  23 104.08 4905.04 806.04 0.0545322
  24 109.08 4903.52 808.324 0.0545153
  25 114.08 4893.22 811.49 0.0544007
  26 119.08 4895.25 811.445 0.0544233
  27 124.08 4896.86 813.694 0.0544412
  28 129.08 4903.41 813.612 0.054514
  29 134.08 4889.71 813.75 0.0543617
  30 139.08 4896.35 817.613 0.0544355
  31 144.08 4898.57 815.443 0.0544602
  32 149.08 4895.94 813.251 0.0544309
  33 154.08 4896.5 814.785 0.0544372
  34 159.08 4890.32 817.899 0.0543684
  35 164.08 4890.14 823.087 0.0543664
  36 169.08 4890.08 820.199 0.0543658
  37 174.08 4893.15 820.894 0.0544
  38 179.08 4888.42 821.93 0.0543473
  39 184.08 4886.4 824.02 0.0543249
  40 189.08 4893.49 824.721 0.0544037
  41 194.08 4888.59 823.931 0.0543492
  42 199.08 4889.1 829.141 0.0543549
  43 204.08 4874.22 829.936 0.0541895
  44 209.08 4887.62 830.973 0.0543384
  45 214.08 4885.34 831.72 0.0543132
  46 219.08 4882.39 833.236 0.0542803
  47 224.08 4879.34 835.525 0.0542464
  48 229.08 4878.74 835.425 0.0542398
  49 234.08 4877.46 838.263 0.0542255
  50 239.08 4883.89 839.569 0.054297
  51 244.08 4877.06 840.779 0.0542211
  52 249.08 4875.44 840.924 0.0542031
  53 254.08 4875.09 845.742 0.0541992
  54 259.08 4873.95 843.811 0.0541865
  55 264.08 4874.03 845.506 0.0541874
  56 269.08 4874.76 846.201 0.0541955
  57 274.08 4865.09 850.519 0.0540879
  58 279.08 4866.23 852.493 0.0541006
  59 284.08 4884.11 849.191 0.0542994
  60 289.08 4872.22 852.188 0.0541672
  61 294.08 4867.97 853.56 0.05412
  62 299.08 4874.37 853.029 0.0541911
  63 304.08 4879.25 851.492 0.0542454
  64 309.08 4874.13 848.706 0.0541885
  65 314.08 4870.25 851.765 0.0541453
  66 319.08 4864.63 849.585 0.0540829
  67 324.08 4874.37 850.194 0.0541912
  68 329.08 4873.21 847.011 0.0541782
  69 334.08 4878.05 842.715 0.0542321
  70 339.08 4877.26 840.253 0.0542233
  71 344.08 4874.21 843.29 0.0541894
  72 349.08 4875.72 839.585 0.0542062
  73 354.08 4876.9 837.728 0.0542193
  74 359.08 4885.15 834.708 0.054311
  75 364.08 4877.34 834.201 0.0542242
  76 369.08 4889.16 832.176 0.0543556
  77 374.08 4882.36 828.788 0.05428
  78 379.08 4888.87 827.311 0.0543523
  79 384.08 4880.81 828.675 0.0542628
  80 389.08 4886.07 833.881 0.0543212
  81 394.08 2316.32 833.343 0.0257518
