# Chunk-averaged data for fix tz and group all
# Timestep Number-of-chunks Total-count
# Chunk Coord1 Ncount temp density/number
25000 81 393216.0000000002
  1 -5.75296 4886.33 807.249 0.0544142
  2 -0.752961 4890.79 805.547 0.0544639
  3 4.24704 4894.35 805.374 0.0545036
  4 9.24704 4898.93 802.021 0.0545546
  5 14.247 4890.58 802.339 0.0544616
  6 19.247 4893.34 801.174 0.0544923
  7 24.247 4893.09 799.222 0.0544895
  8 29.247 4900.37 798.093 0.0545706
  9 34.247 4893.2 799.376 0.0544908
  10 39.247 4896.49 795.333 0.0545274
  11 44.247 4895.3 793.133 0.0545142
  12 49.247 4909.29 795.056 0.05467
  13 54.247 4891.64 797.592 0.0544734
  14 59.247 4894.58 795.754 0.0545062
  15 64.247 4897.12 794.335 0.0545344
  16 69.247 4898.64 790.662 0.0545513
  17 74.247 4904.57 788.819 0.0546173
  18 79.247 4900.28 787.993 0.0545696
  19 84.247 4905.47 786.762 0.0546274
  20 89.247 4905.7 786.672 0.05463
  21 94.247 4910.56 785.105 0.054684
  22 99.247 4903.16 786.892 0.0546017
  23 104.247 4903.12 787.106 0.0546012
  24 109.247 4898.74 785.12 0.0545524
  25 114.247 4906.77 789.41 0.0546419
  26 119.247 4891.94 794.129 0.0544768
  27 124.247 4900.77 793.562 0.0545751
  28 129.247 4900.16 795.834 0.0545682
  29 134.247 4892.61 796.991 0.0544842
  30 139.247 4888.06 799.618 0.0544335
  31 144.247 4900.81 799.685 0.0545755
  32 149.247 4887.88 799.879 0.0544315
  33 154.247 4901.7 799.618 0.0545854
  34 159.247 4891.18 803.533 0.0544683
  35 164.247 4884.7 804.29 0.0543961
  36 169.247 4882.06 808.643 0.0543667
  37 174.247 4922.64 813.04 0.0548186
  38 179.247 4859.76 812.228 0.0541184
  39 184.247 4931.49 812.452 0.0549171
  40 189.247 4899.82 810.875 0.0545645
  41 194.247 4880.19 812.206 0.0543458
  42 199.247 4959.31 811.519 0.0552269
  43 204.247 4858.33 809.831 0.0541024
  44 209.247 4926.09 812.135 0.0548571
  45 214.247 4877.56 812.721 0.0543166
  46 219.247 4878.82 814.748 0.0543306
  47 224.247 4885.96 815.565 0.0544101
  48 229.247 4886.9 814.342 0.0544206
  49 234.247 4885.8 811.497 0.0544084
  50 239.247 4881.72 814.515 0.0543629
  51 244.247 4884.95 818.916 0.0543989
  52 249.247 4883.03 822.466 0.0543775
  53 254.247 4874.52 825.019 0.0542828
  54 259.247 4875.79 824.319 0.0542969
  55 264.247 4882.71 826.797 0.0543739
  56 269.247 4876.08 826.102 0.0543001
  57 274.247 4877.84 824.226 0.0543197
  58 279.247 4881.35 825.868 0.0543588
  59 284.247 4875.59 828.124 0.0542946
  60 289.247 4876.49 830.736 0.0543046
  61 294.247 4876.92 834.18 0.0543095
  62 299.247 4873.04 831.024 0.0542663
  63 304.247 4875.79 831.55 0.0542968
  64 309.247 4870.77 831.301 0.0542409
  65 314.247 4874.55 828.431 0.0542831
  66 319.247 4885.01 827.396 0.0543995
  67 324.247 4883.93 823.043 0.0543875
  68 329.247 4882.44 822.668 0.0543709
  69 334.247 4876.54 820.862 0.0543052
  70 339.247 4879.48 820.032 0.0543379
  71 344.247 4876.45 818.775 0.0543042
  72 349.247 4875.95 818.186 0.0542987
  73 354.247 4883.25 815.585 0.0543799
  74 359.247 4889.17 815.878 0.0544458
  75 364.247 4883.66 816.226 0.0543845
  76 369.247 4879.63 816.456 0.0543396
  77 374.247 4887.29 818.096 0.0544249
  78 379.247 4883.48 815.404 0.0543825
  79 384.247 4885.2 815.087 0.0544017
  80 389.247 4883.98 813.301 0.054388
  81 394.247 2002.48 811.085 0.0222997
30000 81 393216
  1 -5.75296 4884.9 808.067 0.0543983
  2 -0.752961 4884.19 807.097 0.0543904
  3 4.24704 4896.66 805.219 0.0545293
  4 9.24704 4897.58 802.878 0.0545395
  5 14.247 4891.93 799.643 0.0544766
  6 19.247 4895.64 798.203 0.0545179
  7 24.247 4894.17 797.533 0.0545015
  8 29.247 4898.57 796.889 0.0545506
  9 34.247 4892.9 796.332 0.0544874
  10 39.247 4902.83 798.298 0.054598
  11 44.247 4888.83 797.702 0.0544421
  12 49.247 4900.13 797.73 0.0545679
  13 54.247 4898.77 797.871 0.0545528
  14 59.247 4892.35 795.505 0.0544813
  15 64.247 4904.25 794.719 0.0546138
  16 69.247 4898.74 792.925 0.0545524
  17 74.247 4899.18 790.505 0.0545573
  18 79.247 4897.59 788.683 0.0545397
  19 84.247 4902.26 787.2 0.0545917
  20 89.247 4904.21 785.379 0.0546133
  21 94.247 4910.11 785.744 0.0546791
  22 99.247 4899.6 785.096 0.054562
  23 104.247 4908.99 785.153 0.0546666
  24 109.247 4903.77 789.006 0.0546084
  25 114.247 4911.28 789.699 0.0546921
  26 119.247 4884.93 794.551 0.0543987
  27 124.247 4897.51 792.805 0.0545388
  28 129.247 4896.63 793.281 0.054529
  29 134.247 4896.05 795.55 0.0545225
  30 139.247 4900.2 796.114 0.0545687
  31 144.247 4899.72 796.35 0.0545634
  32 149.247 4893.04 797.913 0.054489
  33 154.247 4886.49 801.853 0.0544161
  34 159.247 4896.57 807.088 0.0545283
  35 164.247 4889.51 805.506 0.0544496
  36 169.247 4891.02 805.241 0.0544664
  37 174.247 4908.3 805.688 0.0546589
  38 179.247 4892.77 807.167 0.054486
  39 184.247 4874.17 811.97 0.0542788
  40 189.247 4949.58 813.831 0.0551186
  41 194.247 4850.51 812.605 0.0540153
  42 199.247 4970.85 811.611 0.0553555
  43 204.247 4857.64 813.744 0.0540947
  44 209.247 4895.28 813.565 0.0545139
  45 214.247 4904.58 812.528 0.0546174
  46 219.247 4880.51 811.21 0.0543495
  47 224.247 4880.92 812.91 0.054354
  48 229.247 4885.98 814.353 0.0544103
  49 234.247 4878.44 815.559 0.0543264
  50 239.247 4887.74 818.397 0.0544299
  51 244.247 4877.58 819.783 0.0543169
  52 249.247 4880.72 821.501 0.0543517
  53 254.247 4880.57 824.519 0.0543501
  54 259.247 4883.53 823.267 0.054383
  55 264.247 4883.3 824.523 0.0543805
  56 269.247 4875.95 825.733 0.0542987
  57 274.247 4872.01 829.296 0.0542548
  58 279.247 4867.39 830.56 0.0542034
  59 284.247 4872.72 831.604 0.0542627
  60 289.247 4875.09 833.68 0.0542891
  61 294.247 4884.3 833.325 0.0543916
  62 299.247 4875.23 832.326 0.0542906
  63 304.247 4884.61 827.41 0.0543951
  64 309.247 4875.53 825.745 0.054294
  65 314.247 4876.04 826.993 0.0542997
  66 319.247 4877.07 825.636 0.0543111
  67 324.247 4876.24 827.881 0.0543019
  68 329.247 4878.74 826.846 0.0543297
  69 334.247 4886.46 824.072 0.0544157
  70 339.247 4885.92 818.765 0.0544097
  71 344.247 4875.41 819.287 0.0542927
  72 349.247 4883.94 815.812 0.0543876
  73 354.247 4888.92 813.987 0.0544431
  74 359.247 4884.48 815.044 0.0543936
  75 364.247 4879.71 817.981 0.0543406
  76 369.247 4888.4 816.613 0.0544373
  77 374.247 4875.31 816.163 0.0542916
  78 379.247 4885.54 817.132 0.0544054
  79 384.247 4885.66 816.359 0.0544068
  80 389.247 4891.72 813.024 0.0544742
  81 394.247 1999.51 807.981 0.0222666
35000 81 393216
  1 -5.75296 4893.79 808.143 0.0544973
  2 -0.752961 4888.95 804.659 0.0544434
  3 4.24704 4888.2 803.02 0.054435
  4 9.24704 4891.74 803.17 0.0544745
  5 14.247 4897.69 800.896 0.0545408
  6 19.247 4901.54 798.154 0.0545836
  7 24.247 4897 795.617 0.054533
  8 29.247 4896.39 797.829 0.0545263
  9 34.247 4895.74 798.875 0.054519
  10 39.247 4892.07 799.504 0.0544781
  11 44.247 4904.54 797.5 0.054617
  12 49.247 4902.71 796.968 0.0545966
  13 54.247 4893.98 796.789 0.0544994
  14 59.247 4894.94 796.104 0.0545101
  15 64.247 4903.5 791.692 0.0546055
  16 69.247 4895.66 791.006 0.0545181
  17 74.247 4901.02 792.262 0.0545778
  18 79.247 4902.48 792.068 0.0545941
  19 84.247 4894.66 787.61 0.054507
  20 89.247 4903.78 786.117 0.0546086
  21 94.247 4910.05 786.661 0.0546784
  22 99.247 4910.72 787.115 0.0546858
  23 104.247 4905.35 790.189 0.054626
  24 109.247 4898.78 793.626 0.0545529
  25 114.247 4897.67 795.913 0.0545406
  26 119.247 4897.09 794.082 0.054534
  27 124.247 4906.57 793.274 0.0546396
  28 129.247 4897.72 792.757 0.054541
  29 134.247 4895.39 793.559 0.0545152
  30 139.247 4898.67 793.603 0.0545517
  31 144.247 4896.05 797.064 0.0545225
  32 149.247 4898.97 798.819 0.0545551
  33 154.247 4897.51 799.553 0.0545388
  34 159.247 4893.78 802.21 0.0544972
  35 164.247 4887.04 803.65 0.0544222
  36 169.247 4885.66 805.197 0.0544068
  37 174.247 4901.68 807.043 0.0545852
  38 179.247 4896.17 808.419 0.0545239
  39 184.247 4883.43 808.084 0.0543819
  40 189.247 4951.51 809.575 0.0551401
  41 194.247 4858.02 811.294 0.0540989
  42 199.247 4946.7 812.288 0.0550865
  43 204.247 4881.07 807.259 0.0543556
  44 209.247 4900.68 809.889 0.0545741
  45 214.247 4896.16 814.162 0.0545238
  46 219.247 4878.97 815.32 0.0543323
  47 224.247 4883.38 817.114 0.0543814
  48 229.247 4882.23 818.112 0.0543686
  49 234.247 4884.81 818.22 0.0543974
  50 239.247 4879.84 819.533 0.054342
  51 244.247 4881 817.445 0.0543549
  52 249.247 4885.95 819.856 0.05441
  53 254.247 4879.72 823.175 0.0543407
  54 259.247 4873.94 826.958 0.0542763
  55 264.247 4875.55 828.06 0.0542942
  56 269.247 4872.18 830.66 0.0542566
  57 274.247 4866.45 833.95 0.0541929
  58 279.247 4869.85 833.379 0.0542307
  59 284.247 4873.21 835.945 0.0542682
  60 289.247 4885.2 833.456 0.0544016
  61 294.247 4879.04 831.443 0.0543331
  62 299.247 4873.38 834.309 0.0542701
  63 304.247 4879.74 833.566 0.0543408
  64 309.247 4870.41 831.94 0.0542369
  65 314.247 4877.85 825.906 0.0543198
  66 319.247 4888.48 825.021 0.0544382
  67 324.247 4873.6 821.823 0.0542725
  68 329.247 4871.39 824.798 0.0542478
  69 334.247 4882.93 824.334 0.0543764
  70 339.247 4885.51 823.72 0.0544051
  71 344.247 4875.06 823.511 0.0542888
  72 349.247 4884.26 821.11 0.0543912
  73 354.247 4878.77 818.303 0.05433
  74 359.247 4883.82 818.896 0.0543863
  75 364.247 4872.35 819.294 0.0542586
  76 369.247 4890.04 820.131 0.0544555
  77 374.247 4885.72 814.949 0.0544074
  78 379.247 4890.4 813.472 0.0544595
  79 384.247 4885.11 813.734 0.0544006
  80 389.247 4882.95 810.705 0.0543766
  81 394.247 2000.09 810.954 0.022273
40000 81 393215.99999999994
  1 -5.75296 4890.6 806.169 0.0544618
  2 -0.752961 4887.09 807.405 0.0544227
  3 4.24704 4893.57 805.473 0.0544949
  4 9.24704 4896.73 801.641 0.05453
  5 14.247 4894.37 804.005 0.0545038
  6 19.247 4894.3 802.797 0.054503
  7 24.247 4892.36 801.919 0.0544814
  8 29.247 4894.33 800.029 0.0545033
  9 34.247 4893.62 798.782 0.0544954
  10 39.247 4898.85 794.708 0.0545537
  11 44.247 4900.76 791.789 0.054575
  12 49.247 4892.42 794.236 0.0544821
  13 54.247 4907.21 795.723 0.0546467
  14 59.247 4903.03 794.459 0.0546002
  15 64.247 4900.1 790.344 0.0545676
  16 69.247 4901.84 790.348 0.054587
  17 74.247 4904.79 789.694 0.0546198
  18 79.247 4905.1 786.509 0.0546233
  19 84.247 4901.01 786.494 0.0545777
  20 89.247 4906.53 786.789 0.0546392
  21 94.247 4907.11 787.26 0.0546457
  22 99.247 4894.16 788.22 0.0545015
  23 104.247 4911.59 788.759 0.0546955
  24 109.247 4906 787.191 0.0546332
  25 114.247 4897.18 787.982 0.054535
  26 119.247 4897.5 790.32 0.0545386
  27 124.247 4912.05 789.554 0.0547007
  28 129.247 4901.16 791.068 0.0545794
  29 134.247 4895.71 796.991 0.0545187
  30 139.247 4898.64 799.439 0.0545513
  31 144.247 4893.48 800.957 0.0544938
  32 149.247 4891.41 800.761 0.0544709
  33 154.247 4896.94 804.283 0.0545324
  34 159.247 4892.54 805.437 0.0544834
  35 164.247 4887.72 805.782 0.0544297
  36 169.247 4897.77 803.572 0.0545416
  37 174.247 4878.87 806.154 0.0543312
  38 179.247 4924.96 806.516 0.0548445
  39 184.247 4860.69 807.028 0.0541288
  40 189.247 4969.28 807.645 0.055338
  41 194.247 4870.85 808.286 0.0542419
  42 199.247 4909.82 810.686 0.0546759
  43 204.247 4916.22 810.538 0.0547471
  44 209.247 4875.02 811.885 0.0542883
  45 214.247 4898.79 814.05 0.054553
  46 219.247 4882.39 817.27 0.0543703
  47 224.247 4883.3 821.039 0.0543805
  48 229.247 4881 823.187 0.0543549
  49 234.247 4877.42 823.712 0.054315
  50 239.247 4881.88 822.834 0.0543647
  51 244.247 4872.65 825.194 0.0542619
  52 249.247 4885.13 824.233 0.0544009
  53 254.247 4881.89 823.613 0.0543648
  54 259.247 4878.83 823.246 0.0543307
  55 264.247 4876.4 826.473 0.0543036
  56 269.247 4873.8 826.544 0.0542747
  57 274.247 4874.76 829.083 0.0542854
  58 279.247 4878.37 826.759 0.0543256
  59 284.247 4875.13 830.738 0.0542896
  60 289.247 4874.13 833.765 0.0542784
  61 294.247 4869.08 832.219 0.0542222
  62 299.247 4879.85 832.601 0.0543421
  63 304.247 4878.57 831.916 0.0543278
  64 309.247 4873.22 829.512 0.0542683
  65 314.247 4876.25 826.594 0.054302
  66 319.247 4874.2 828.351 0.0542792
  67 324.247 4875.46 826.889 0.0542932
  68 329.247 4880.12 825.86 0.0543451
  69 334.247 4875.22 824.492 0.0542905
  70 339.247 4876.02 826.998 0.0542994
  71 344.247 4878.56 826.411 0.0543277
  72 349.247 4877.34 824.314 0.0543141
  73 354.247 4879.56 821.104 0.0543389
  74 359.247 4886.1 818.451 0.0544117
  75 364.247 4885.48 813.638 0.0544048
  76 369.247 4887.51 811.316 0.0544274
  77 374.247 4886.5 811.372 0.0544162
  78 379.247 4881.03 812.172 0.0543553
  79 384.247 4888.54 811.182 0.0544389
  80 389.247 4894.37 809.735 0.0545038
  81 394.247 1991.86 806.116 0.0221814
45000 81 393216.00000000006
  1 -5.75296 4888.7 807.763 0.0544407
  2 -0.752961 4888.44 806.062 0.0544378
  3 4.24704 4894.72 804.515 0.0545077
  4 9.24704 4890.54 803.145 0.0544611
  5 14.247 4893.95 800.902 0.0544991
  6 19.247 4898.22 800.083 0.0545466
  7 24.247 4897.36 800.416 0.0545371
  8 29.247 4894.42 798.702 0.0545043
  9 34.247 4894.83 796.875 0.0545089
  10 39.247 4895.16 794.864 0.0545125
  11 44.247 4897.82 796.497 0.0545422
  12 49.247 4901.78 795.005 0.0545863
  13 54.247 4896.42 792.777 0.0545267
  14 59.247 4904.09 794.168 0.0546121
  15 64.247 4902.03 791.555 0.0545891
  16 69.247 4904.65 792.113 0.0546182
  17 74.247 4892.84 790.094 0.0544867
  18 79.247 4900.02 786.902 0.0545667
  19 84.247 4911.78 783.48 0.0546976
  20 89.247 4905.77 784.503 0.0546308
  21 94.247 4903 785.857 0.0545999
  22 99.247 4906.19 785.438 0.0546354
  23 104.247 4907.57 786.582 0.0546508
  24 109.247 4902.64 786.303 0.0545959
  25 114.247 4898.68 789.598 0.0545518
  26 119.247 4898.42 790.584 0.0545489
  27 124.247 4901.18 793.25 0.0545796
  28 129.247 4896.99 795.614 0.0545329
  29 134.247 4895.54 799.953 0.0545168
  30 139.247 4891.41 799.217 0.0544708
  31 144.247 4893.33 800.141 0.0544922
  32 149.247 4903.41 800.243 0.0546044
  33 154.247 4892.71 803.16 0.0544853
  34 159.247 4880.58 803.559 0.0543502
  35 164.247 4890.73 803.107 0.0544632
  36 169.247 4894.21 807.193 0.054502
  37 174.247 4885.81 807.987 0.0544085
  38 179.247 4922.16 805.32 0.0548132
  39 184.247 4864.88 806.868 0.0541754
  40 189.247 4955.48 807.504 0.0551843
  41 194.247 4876.99 807.861 0.0543102
  42 199.247 4908.49 811.894 0.054661
  43 204.247 4917.42 813.696 0.0547604
  44 209.247 4871.27 812.698 0.0542465
  45 214.247 4912.5 813.699 0.0547057
  46 219.247 4881.15 817.132 0.0543565
  47 224.247 4877.99 819.225 0.0543213
  48 229.247 4876.73 823.583 0.0543074
  49 234.247 4878.27 824.432 0.0543245
  50 239.247 4882.84 824.053 0.0543754
  51 244.247 4875.8 823.866 0.054297
  52 249.247 4884.14 825.457 0.0543898
  53 254.247 4879.85 825.72 0.0543421
  54 259.247 4877.63 824.723 0.0543173
  55 264.247 4871.93 827.521 0.0542539
  56 269.247 4875.43 827.635 0.0542929
  57 274.247 4883.32 830.261 0.0543807
  58 279.247 4875.09 830.75 0.054289
  59 284.247 4871.15 833.29 0.0542452
  60 289.247 4874.29 832.579 0.0542802
  61 294.247 4874.06 833.605 0.0542776
  62 299.247 4882.21 831.8 0.0543684
  63 304.247 4878.83 829.965 0.0543307
  64 309.247 4875.65 827.828 0.0542953
  65 314.247 4881.09 827.331 0.0543559
  66 319.247 4885.55 825.487 0.0544056
  67 324.247 4877.24 824.356 0.054313
  68 329.247 4873.19 821.39 0.0542679
  69 334.247 4878.1 826.55 0.0543226
  70 339.247 4878.93 824.896 0.0543319
  71 344.247 4878.68 823.778 0.0543291
  72 349.247 4878.61 821.645 0.0543283
  73 354.247 4884.11 819.842 0.0543895
  74 359.247 4881.34 815.405 0.0543587
  75 364.247 4886.06 814.532 0.0544112
  76 369.247 4890.77 814.687 0.0544637
  77 374.247 4882.68 815.718 0.0543736
  78 379.247 4881.78 812.956 0.0543636
  79 384.247 4886.16 812.371 0.0544123
  80 389.247 4895.45 808.642 0.0545158
  81 394.247 1994.78 807.2 0.0222139
50000 81 393215.99999999994
  1 -5.75296 4889.19 806.934 0.0544461
  2 -0.752961 4895.76 805.657 0.0545192
  3 4.24704 4892.56 803.354 0.0544836
  4 9.24704 4899.61 805.797 0.0545621
  5 14.247 4887.76 802.961 0.0544301
  6 19.247 4891.45 803.379 0.0544713
  7 24.247 4887.45 802.664 0.0544267
  8 29.247 4899.24 794.954 0.054558
  9 34.247 4897.99 792.44 0.0545441
  10 39.247 4901.84 794.36 0.054587
  11 44.247 4897.82 795.246 0.0545422
  12 49.247 4901.68 793.326 0.0545852
  13 54.247 4898.66 794.009 0.0545515
  14 59.247 4902.76 789.964 0.0545972
  15 64.247 4900.25 787.214 0.0545692
  16 69.247 4901.78 789.632 0.0545863
  17 74.247 4906.38 787.433 0.0546375
  18 79.247 4906.86 785.432 0.0546429
  19 84.247 4899.62 785.149 0.0545622
  20 89.247 4908.12 785.007 0.0546569
  21 94.247 4905.85 786.006 0.0546316
  22 99.247 4904.72 785.823 0.054619
  23 104.247 4904.4 786.004 0.0546155
  24 109.247 4910.93 789.949 0.0546882
  25 114.247 4899.66 794.236 0.0545627
  26 119.247 4889.77 794.214 0.0544526
  27 124.247 4904.34 792.061 0.0546148
  28 129.247 4899.97 793.22 0.0545661
  29 134.247 4897.47 793.172 0.0545383
  30 139.247 4900.02 794.13 0.0545667
  31 144.247 4897.98 797.119 0.054544
  32 149.247 4894.62 801.075 0.0545065
  33 154.247 4890.74 802.234 0.0544634
  34 159.247 4889.89 805.893 0.0544539
  35 164.247 4886.63 803.662 0.0544176
  36 169.247 4890.17 805.186 0.0544571
  37 174.247 4900.63 806.835 0.0545735
  38 179.247 4907.23 804.862 0.054647
  39 184.247 4868.89 805.609 0.0542201
  40 189.247 4968.28 806.225 0.0553268
  41 194.247 4833.42 807.928 0.053825
  42 199.247 4961.42 810.555 0.0552504
  43 204.247 4871.8 809.678 0.0542525
  44 209.247 4897.61 814.575 0.0545399
  45 214.247 4891.72 813.992 0.0544742
  46 219.247 4876.38 814.247 0.0543034
  47 224.247 4881.05 818.356 0.0543555
  48 229.247 4888.24 824.066 0.0544355
  49 234.247 4880.39 828.415 0.0543481
  50 239.247 4877.95 826.268 0.0543209
  51 244.247 4880.23 826.381 0.0543463
  52 249.247 4877.85 827.35 0.0543198
  53 254.247 4878.66 825.644 0.0543288
  54 259.247 4878.72 823.91 0.0543295
  55 264.247 4880.23 827.705 0.0543463
  56 269.247 4877.76 828.218 0.0543189
  57 274.247 4876.64 829.981 0.0543063
  58 279.247 4875.07 829.495 0.0542889
  59 284.247 4870.85 832.873 0.0542418
  60 289.247 4870.48 835.688 0.0542378
  61 294.247 4878.8 832.633 0.0543304
  62 299.247 4878.14 830.543 0.0543231
  63 304.247 4876.71 828.808 0.0543071
  64 309.247 4875.83 826.893 0.0542973
  65 314.247 4876.47 827.061 0.0543044
  66 319.247 4868.14 829.82 0.0542117
  67 324.247 4881.28 826.94 0.054358
  68 329.247 4878.29 826.037 0.0543247
  69 334.247 4877.6 824.241 0.054317
  70 339.247 4885.15 822.601 0.0544011
  71 344.247 4882.73 818.125 0.0543741
  72 349.247 4882.47 817.813 0.0543713
  73 354.247 4884.88 815.639 0.0543981
  74 359.247 4888.86 814.478 0.0544425
  75 364.247 4878.48 816.766 0.0543268
  76 369.247 4882.52 816.521 0.0543719
  77 374.247 4884.34 815.876 0.054392
  78 379.247 4887.59 817.367 0.0544283
  79 384.247 4880.17 814.47 0.0543456
  80 389.247 4882.54 812.541 0.054372
  81 394.247 1999.58 809.687 0.0222673
55000 81 393216.00000000006
  1 -5.75296 4888.9 807.612 0.0544429
  2 -0.752961 4892.87 803.896 0.0544871
  3 4.24704 4897.83 798.753 0.0545423
  4 9.24704 4897.42 801.486 0.0545377
  5 14.247 4895.02 802.741 0.054511
  6 19.247 4886.47 806.613 0.0544158
  7 24.247 4896.75 802.454 0.0545302
  8 29.247 4889.36 798.604 0.054448
  9 34.247 4896.16 795.423 0.0545237
  10 39.247 4900.99 792.709 0.0545775
  11 44.247 4896.02 791.494 0.0545221
  12 49.247 4902.17 788.591 0.0545906
  13 54.247 4903.66 789.29 0.0546072
  14 59.247 4900.7 789.362 0.0545742
  15 64.247 4898.99 786.112 0.0545553
  16 69.247 4902.57 788.031 0.0545951
  17 74.247 4901 786.469 0.0545776
  18 79.247 4912.19 785.575 0.0547023
  19 84.247 4905.5 785.419 0.0546277
  20 89.247 4916.22 784.329 0.0547471
  21 94.247 4906.33 785.066 0.0546369
  22 99.247 4901.37 785.505 0.0545817
  23 104.247 4900.17 787.764 0.0545684
  24 109.247 4900.97 789.102 0.0545772
  25 114.247 4902.61 789.415 0.0545955
  26 119.247 4897.82 790.98 0.0545422
  27 124.247 4905.18 789.341 0.0546242
  28 129.247 4893.91 791.548 0.0544986
  29 134.247 4900.34 793.474 0.0545702
  30 139.247 4900.43 796.717 0.0545712
  31 144.247 4899.23 799.357 0.0545579
  32 149.247 4887.44 804.589 0.0544266
  33 154.247 4900.07 798.898 0.0545673
  34 159.247 4892.9 801.323 0.0544875
  35 164.247 4888.95 804.94 0.0544434
  36 169.247 4888.03 807.16 0.0544332
  37 174.247 4896.18 806.172 0.054524
  38 179.247 4907.68 806.219 0.054652
  39 184.247 4861.74 807.889 0.0541404
  40 189.247 4965.76 807.605 0.0552988
  41 194.247 4856.88 810.881 0.0540863
  42 199.247 4922.82 810.678 0.0548206
  43 204.247 4910.41 811.429 0.0546824
  44 209.247 4869.99 814.807 0.0542322
  45 214.247 4908.67 818.71 0.054663
  46 219.247 4870.6 818.761 0.054239
  47 224.247 4882.15 821.201 0.0543677
  48 229.247 4881.56 823.873 0.0543612
  49 234.247 4886.86 820.44 0.0544202
  50 239.247 4877.23 820.577 0.054313
  51 244.247 4879.84 821.428 0.0543419
  52 249.247 4874.21 821.186 0.0542793
  53 254.247 4887.22 825.92 0.0544241
  54 259.247 4876 827.326 0.0542993
  55 264.247 4879.17 825.467 0.0543346
  56 269.247 4874.5 824.817 0.0542825
  57 274.247 4871.32 829.56 0.0542471
  58 279.247 4875.99 829.853 0.0542991
  59 284.247 4887.19 832.759 0.0544238
  60 289.247 4878.34 832.398 0.0543252
  61 294.247 4866.43 830.838 0.0541927
  62 299.247 4870.72 830.616 0.0542404
  63 304.247 4874.13 833.384 0.0542784
  64 309.247 4871.56 830.04 0.0542498
  65 314.247 4882.17 829.262 0.054368
  66 319.247 4878.13 827.871 0.0543229
  67 324.247 4871.57 827.178 0.0542499
  68 329.247 4882.89 824.625 0.0543759
  69 334.247 4875.63 826.001 0.0542951
  70 339.247 4877.49 822.46 0.0543158
  71 344.247 4884.59 819.591 0.0543949
  72 349.247 4882.77 821.441 0.0543746
  73 354.247 4891.27 818.565 0.0544692
  74 359.247 4883.53 817.075 0.054383
  75 364.247 4875.94 814.751 0.0542986
  76 369.247 4881.36 814.098 0.0543589
  77 374.247 4883.79 816.686 0.0543859
  78 379.247 4886.22 817.523 0.054413
  79 384.247 4882.4 815.141 0.0543704
  80 389.247 4889.92 812.055 0.0544542
  81 394.247 1994.65 809.807 0.0222125
60000 81 393216
  1 -5.75296 4893.48 806.767 0.0544939
  2 -0.752961 4887.3 803.746 0.054425
  3 4.24704 4898.27 800.891 0.0545473
  4 9.24704 4898 798.933 0.0545442
  5 14.247 4894.08 805.156 0.0545005
  6 19.247 4895.28 804.745 0.0545139
  7 24.247 4889.71 802.614 0.0544519
  8 29.247 4893.92 800.327 0.0544988
  9 34.247 4894.17 799.007 0.0545016
  10 39.247 4901.31 796.898 0.054581
  11 44.247 4899.11 795.649 0.0545566
  12 49.247 4897.27 793.96 0.0545361
  13 54.247 4899.12 792.676 0.0545567
  14 59.247 4902.93 791.231 0.0545991
  15 64.247 4905.72 790.243 0.0546302
  16 69.247 4893.11 787.962 0.0544898
  17 74.247 4905.94 787.438 0.0546326
  18 79.247 4903.55 785.415 0.054606
  19 84.247 4907.01 784.394 0.0546446
  20 89.247 4910.56 783.649 0.054684
  21 94.247 4911.3 784.497 0.0546923
  22 99.247 4902.91 784.897 0.0545988
  23 104.247 4901.35 785.354 0.0545815
  24 109.247 4902.14 787.041 0.0545903
  25 114.247 4905.48 789.185 0.0546275
  26 119.247 4901.52 790.291 0.0545834
  27 124.247 4898.64 791.503 0.0545513
  28 129.247 4902.59 793.479 0.0545953
  29 134.247 4892.16 795.765 0.0544792
  30 139.247 4902.31 795.903 0.0545922
  31 144.247 4897.08 798.082 0.0545339
  32 149.247 4892.79 799.994 0.0544862
  33 154.247 4899.45 797.742 0.0545603
  34 159.247 4891.83 801.201 0.0544755
  35 164.247 4892.84 801.374 0.0544867
  36 169.247 4895.36 800.935 0.0545148
  37 174.247 4899.41 802.232 0.0545599
  38 179.247 4897.76 805.474 0.0545415
  39 184.247 4876.74 808.396 0.0543074
  40 189.247 4947.02 812.457 0.0550901
  41 194.247 4866.88 813.382 0.0541977
  42 199.247 4922.38 810.692 0.0548157
  43 204.247 4898.96 811.576 0.0545548
  44 209.247 4884.25 815.07 0.0543911
  45 214.247 4896.67 818.915 0.0545294
  46 219.247 4876.42 820.627 0.0543039
  47 224.247 4878.9 819.309 0.0543315
  48 229.247 4887.69 817.81 0.0544294
  49 234.247 4881.21 821.736 0.0543573
  50 239.247 4882.25 821.076 0.0543689
  51 244.247 4880.62 822.891 0.0543506
  52 249.247 4880.64 821.76 0.0543509
  53 254.247 4879.63 822.505 0.0543397
  54 259.247 4874.6 826.233 0.0542836
  55 264.247 4871.36 826.393 0.0542475
  56 269.247 4884.04 828.58 0.0543888
  57 274.247 4872.9 829.584 0.0542647
  58 279.247 4871.61 832.344 0.0542503
  59 284.247 4874.58 832.538 0.0542834
  60 289.247 4873.61 832.044 0.0542726
  61 294.247 4869.9 833.507 0.0542313
  62 299.247 4873.95 832.955 0.0542763
  63 304.247 4879.22 831.332 0.0543351
  64 309.247 4870.47 833.002 0.0542376
  65 314.247 4871.63 832.916 0.0542505
  66 319.247 4875.94 830.373 0.0542985
  67 324.247 4879.78 828.643 0.0543413
  68 329.247 4876.84 829.072 0.0543086
  69 334.247 4876.6 824.734 0.0543059
  70 339.247 4882.67 823.694 0.0543735
  71 344.247 4881.69 824.018 0.0543626
  72 349.247 4881.52 822.507 0.0543607
  73 354.247 4884.63 819.93 0.0543953
  74 359.247 4881.23 820.859 0.0543575
  75 364.247 4878.82 819.617 0.0543306
  76 369.247 4882.21 817.995 0.0543683
  77 374.247 4889.67 817.014 0.0544515
  78 379.247 4884.01 812.747 0.0543884
  79 384.247 4887.21 812.059 0.0544241
  80 389.247 4888.16 808.637 0.0544346
  81 394.247 2000.12 810.59 0.0222734
65000 81 393216.0000000001
  1 -5.75296 4888.57 807.154 0.0544392
  2 -0.752961 4883.04 809.117 0.0543777
  3 4.24704 4897.68 811.082 0.0545406
  4 9.24704 4889.65 806.901 0.0544513
  5 14.247 4895.37 800.586 0.0545149
  6 19.247 4894.04 800.155 0.0545001
  7 24.247 4894.92 797.798 0.0545099
  8 29.247 4894.73 797.511 0.0545078
  9 34.247 4898.56 798.936 0.0545505
  10 39.247 4900.01 798.08 0.0545666
  11 44.247 4901.79 792.499 0.0545864
  12 49.247 4900.62 793.753 0.0545734
  13 54.247 4901.87 795.319 0.0545873
  14 59.247 4901.56 792.727 0.0545838
  15 64.247 4898.66 787.965 0.0545515
  16 69.247 4897.56 788.533 0.0545393
  17 74.247 4904.05 788.922 0.0546116
  18 79.247 4900.13 786.363 0.0545679
  19 84.247 4910.35 785.816 0.0546817
  20 89.247 4904.05 784.033 0.0546116
  21 94.247 4916.5 783.491 0.0547502
  22 99.247 4904.92 784.28 0.0546212
  23 104.247 4901.21 784.986 0.05458
  24 109.247 4900.53 787.928 0.0545723
  25 114.247 4908.09 789.253 0.0546566
  26 119.247 4904.22 789.337 0.0546134
  27 124.247 4893.54 792.423 0.0544945
  28 129.247 4902.77 789.331 0.0545974
  29 134.247 4901.31 794.144 0.054581
  30 139.247 4899.44 798.173 0.0545603
  31 144.247 4895.4 800.449 0.0545153
  32 149.247 4895.31 799.309 0.0545142
  33 154.247 4894.12 798.094 0.054501
  34 159.247 4898.33 798.348 0.0545479
  35 164.247 4891.02 799.846 0.0544665
  36 169.247 4903.91 804.862 0.0546101
  37 174.247 4878.36 803.682 0.0543255
  38 179.247 4913.1 804.472 0.0547124
  39 184.247 4889.76 804.722 0.0544525
  40 189.247 4908.67 809.442 0.054663
  41 194.247 4909.87 807.648 0.0546764
  42 199.247 4885.28 809.145 0.0544025
  43 204.247 4919.77 809.813 0.0547867
  44 209.247 4874.81 814.476 0.054286
  45 214.247 4898.45 814.405 0.0545493
  46 219.247 4880.51 811.712 0.0543495
  47 224.247 4882.45 816.436 0.054371
  48 229.247 4884.96 819.062 0.054399
  49 234.247 4879.57 821.734 0.054339
  50 239.247 4877.41 824.918 0.0543149
  51 244.247 4887 824.145 0.0544217
  52 249.247 4874.79 827.634 0.0542858
  53 254.247 4875.85 824.863 0.0542975
  54 259.247 4878.98 827.027 0.0543324
  55 264.247 4875.43 830.572 0.0542929
  56 269.247 4867.44 830.15 0.0542039
  57 274.247 4876.04 830.769 0.0542996
  58 279.247 4882.22 832.786 0.0543685
  59 284.247 4872.99 834.892 0.0542657
  60 289.247 4862.91 832.132 0.0541535
  61 294.247 4880.02 831.596 0.054344
  62 299.247 4876.7 832.33 0.054307
  63 304.247 4873.4 833.569 0.0542703
  64 309.247 4873.53 833.469 0.0542717
  65 314.247 4881.4 831.625 0.0543593
  66 319.247 4874.84 827.641 0.0542863
  67 324.247 4873.55 826.388 0.054272
  68 329.247 4877.8 826.868 0.0543193
  69 334.247 4875.28 827.108 0.0542912
  70 339.247 4880.87 826.706 0.0543534
  71 344.247 4878.66 822.931 0.0543288
  72 349.247 4886.43 818.178 0.0544153
  73 354.247 4886.15 816.47 0.0544123
  74 359.247 4887.04 814.865 0.0544221
  75 364.247 4875.4 816.768 0.0542925
  76 369.247 4888.8 818.391 0.0544417
  77 374.247 4882.66 816.52 0.0543734
  78 379.247 4882.74 815.254 0.0543743
  79 384.247 4887.84 811.334 0.054431
  80 389.247 4886.31 807 0.0544141
  81 394.247 2002.1 807.395 0.0222954
