# Chunk-averaged data for fix tz and group all
# Timestep Number-of-chunks Total-count
# Chunk Coord1 Ncount temp density/number
25000 81 393215.9999999998
  1 -5.74663 4884.72 810.623 0.0543998
  2 -0.746631 4888.49 808.667 0.0544418
  3 4.25337 4886.44 808.597 0.0544189
  4 9.25337 4888.12 809.979 0.0544376
  5 14.2534 4895.42 809.21 0.0545189
  6 19.2534 4889.17 807.89 0.0544493
  7 24.2534 4891.23 807.108 0.0544722
  8 29.2534 4891.23 809.678 0.0544722
  9 34.2534 4883.13 807.501 0.0543821
  10 39.2534 4882.99 808.714 0.0543805
  11 44.2534 4899.19 806.828 0.0545608
  12 49.2534 4899.48 802.883 0.0545641
  13 54.2534 4885.43 805.993 0.0544076
  14 59.2534 4885.66 806.366 0.0544103
  15 64.2534 4892.16 805.748 0.0544826
  16 69.2534 4893.95 804.533 0.0545026
  17 74.2534 4887.11 807.628 0.0544264
  18 79.2534 4891.07 806.677 0.0544704
  19 84.2534 4889.85 810.056 0.0544569
  20 89.2534 4896.29 810.64 0.0545286
  21 94.2534 4887.01 806.463 0.0544252
  22 99.2534 4891.85 806.491 0.0544791
  23 104.253 4893.56 808.069 0.0544982
  24 109.253 4890.4 808.196 0.054463
  25 114.253 4891.96 808.871 0.0544804
  26 119.253 4886.09 807.182 0.054415
  27 124.253 4883.12 809.038 0.0543819
  28 129.253 4890.12 810.833 0.0544599
  29 134.253 4884.69 810.153 0.0543995
  30 139.253 4895.26 807.633 0.0545171
  31 144.253 4888.82 808.241 0.0544454
  32 149.253 4893.21 809.005 0.0544943
  33 154.253 4880.01 810.519 0.0543473
  34 159.253 4892.86 810.831 0.0544904
  35 164.253 4880.29 809.867 0.0543505
  36 169.253 4888.2 811.861 0.0544385
  37 174.253 4916.12 814.678 0.0547495
  38 179.253 4851.88 810.356 0.054034
  39 184.253 4954.13 807.816 0.0551727
  40 189.253 4882.07 807.258 0.0543703
  41 194.253 4870.86 807.333 0.0542454
  42 199.253 4972.73 807.308 0.0553799
  43 204.253 4850.16 805.291 0.0540148
  44 209.253 4945.09 805.57 0.055072
  45 214.253 4874.27 806.835 0.0542834
  46 219.253 4884.77 808.326 0.0544003
  47 224.253 4888.55 810.552 0.0544424
  48 229.253 4890.76 809.735 0.054467
  49 234.253 4888.78 810.239 0.0544449
  50 239.253 4888.54 809.23 0.0544423
  51 244.253 4882.95 806.435 0.05438
  52 249.253 4894.12 809.317 0.0545044
  53 254.253 4884.31 809.304 0.0543952
  54 259.253 4893.53 810.663 0.0544979
  55 264.253 4890.76 808.182 0.054467
  56 269.253 4889.85 806.364 0.0544569
  57 274.253 4893.4 806.637 0.0544964
  58 279.253 4879.95 811.368 0.0543467
  59 284.253 4880.12 811.042 0.0543485
  60 289.253 4897.06 809.67 0.0545372
  61 294.253 4889.14 807.998 0.0544489
  62 299.253 4885.87 807.745 0.0544125
  63 304.253 4889.33 806.163 0.054451
  64 309.253 4891.41 807.469 0.0544742
  65 314.253 4888.4 808.91 0.0544407
  66 319.253 4890.98 807.227 0.0544695
  67 324.253 4881.52 807.229 0.0543641
  68 329.253 4888.12 806.687 0.0544377
  69 334.253 4891.11 807.706 0.0544709
  70 339.253 4899.03 809.925 0.0545591
  71 344.253 4882.77 811.922 0.054378
  72 349.253 4887.29 809.443 0.0544284
  73 354.253 4881.49 808.327 0.0543638
  74 359.253 4889.62 805.908 0.0544543
  75 364.253 4894.62 809.026 0.05451
  76 369.253 4886.23 808.36 0.0544166
  77 374.253 4893.09 809.74 0.054493
  78 379.253 4884.09 812.368 0.0543927
  79 384.253 4891.5 812.52 0.0544752
  80 389.253 4889.51 810.016 0.0544531
  81 394.253 1977.54 811.22 0.0220233
30000 81 393215.99999999994
  1 -5.74663 4892.9 807.202 0.0544908
  2 -0.746631 4886.59 808.051 0.0544206
  3 4.25337 4886.47 810.841 0.0544192
  4 9.25337 4895.06 809.65 0.0545149
  5 14.2534 4883.6 808.676 0.0543873
  6 19.2534 4887.19 809.106 0.0544273
  7 24.2534 4888.38 811.777 0.0544405
  8 29.2534 4884.94 810.975 0.0544022
  9 34.2534 4887.45 807.674 0.0544302
  10 39.2534 4888.63 803.33 0.0544433
  11 44.2534 4889.14 805.686 0.0544489
  12 49.2534 4895.87 804.879 0.0545239
  13 54.2534 4888.31 805.997 0.0544397
  14 59.2534 4889.62 808.178 0.0544543
  15 64.2534 4885.17 808.784 0.0544048
  16 69.2534 4894.11 810.127 0.0545043
  17 74.2534 4892.97 808.442 0.0544916
  18 79.2534 4888.32 807.301 0.0544399
  19 84.2534 4898.53 805.408 0.0545536
  20 89.2534 4890.45 808.787 0.0544635
  21 94.2534 4890.83 808.888 0.0544678
  22 99.2534 4892.06 808.727 0.0544815
  23 104.253 4887.95 807.444 0.0544357
  24 109.253 4886.32 811.038 0.0544175
  25 114.253 4890.28 809.305 0.0544617
  26 119.253 4890.53 808.584 0.0544644
  27 124.253 4891.03 810.74 0.05447
  28 129.253 4879.11 809.534 0.0543373
  29 134.253 4882.9 809.127 0.0543795
  30 139.253 4891.71 810.314 0.0544776
  31 144.253 4887.83 811.086 0.0544344
  32 149.253 4892.64 809.888 0.0544879
  33 154.253 4885.97 812.804 0.0544136
  34 159.253 4888.73 811.658 0.0544444
  35 164.253 4889.86 809.976 0.054457
  36 169.253 4891.23 809.566 0.0544722
  37 174.253 4911.88 807.33 0.0547022
  38 179.253 4859.03 805.756 0.0541137
  39 184.253 4938.49 806.28 0.0549986
  40 189.253 4884.17 809.214 0.0543936
  41 194.253 4891.56 809.146 0.054476
  42 199.253 4964.61 806.935 0.0552895
  43 204.253 4851.02 808.49 0.0540244
  44 209.253 4927.46 807.402 0.0548757
  45 214.253 4881.41 809.394 0.0543629
  46 219.253 4894.28 809.717 0.0545062
  47 224.253 4888.94 811.871 0.0544468
  48 229.253 4887.21 810.393 0.0544275
  49 234.253 4891.84 812.463 0.054479
  50 239.253 4888.9 810.23 0.0544463
  51 244.253 4886.95 808.088 0.0544246
  52 249.253 4880.01 810.873 0.0543473
  53 254.253 4889.47 810.408 0.0544526
  54 259.253 4895.72 809.675 0.0545222
  55 264.253 4884.67 810.567 0.0543992
  56 269.253 4891.33 809.963 0.0544734
  57 274.253 4882.54 810.316 0.0543754
  58 279.253 4890.75 809.423 0.0544669
  59 284.253 4885.16 808.679 0.0544046
  60 289.253 4899.6 808.846 0.0545655
  61 294.253 4889.69 809.323 0.0544551
  62 299.253 4893.84 809.824 0.0545013
  63 304.253 4882.97 807.591 0.0543803
  64 309.253 4890.63 808.137 0.0544656
  65 314.253 4884.45 808.42 0.0543967
  66 319.253 4889.94 807.804 0.0544579
  67 324.253 4895.15 807.455 0.0545159
  68 329.253 4884.32 811.539 0.0543952
  69 334.253 4882.43 812.278 0.0543743
  70 339.253 4888.55 810.219 0.0544424
  71 344.253 4886.26 811.433 0.0544169
  72 349.253 4890.02 808.217 0.0544587
  73 354.253 4896.02 806.214 0.0545256
  74 359.253 4882.17 807.997 0.0543713
  75 364.253 4892.46 807.718 0.0544859
  76 369.253 4886.03 807.027 0.0544143
  77 374.253 4889.13 808.667 0.0544489
  78 379.253 4894.21 809.984 0.0545055
  79 384.253 4891.59 809.472 0.0544762
  80 389.253 4884.54 807.808 0.0543977
  81 394.253 1981.93 807.519 0.0220722
35000 81 393216.0000000001
  1 -5.74663 4889.9 813.32 0.0544575
  2 -0.746631 4888.26 812.924 0.0544392
  3 4.25337 4887.01 811.341 0.0544253
  4 9.25337 4893.39 809.288 0.0544963
  5 14.2534 4893.14 807.933 0.0544935
  6 19.2534 4888.84 808.478 0.0544456
  7 24.2534 4890.52 807.695 0.0544644
  8 29.2534 4887.07 807.547 0.0544259
  9 34.2534 4890.7 807.478 0.0544663
  10 39.2534 4891.81 807.305 0.0544787
  11 44.2534 4894.42 807.3 0.0545078
  12 49.2534 4884.84 808.575 0.054401
  13 54.2534 4892.12 811.318 0.0544822
  14 59.2534 4887.22 810.503 0.0544275
  15 64.2534 4884.78 810.584 0.0544004
  16 69.2534 4888.61 813.327 0.054443
  17 74.2534 4892.73 808.89 0.0544889
  18 79.2534 4888.9 810.676 0.0544463
  19 84.2534 4880.32 812.672 0.0543507
  20 89.2534 4893.38 809.086 0.0544962
  21 94.2534 4896.71 809.279 0.0545333
  22 99.2534 4886.07 810.161 0.0544148
  23 104.253 4884.66 807.306 0.0543991
  24 109.253 4892.08 806.76 0.0544817
  25 114.253 4881.17 806.211 0.0543603
  26 119.253 4891.78 810.159 0.0544784
  27 124.253 4891.01 807.982 0.0544698
  28 129.253 4890.96 810.6 0.0544692
  29 134.253 4888.17 809.274 0.0544382
  30 139.253 4882.22 810.472 0.0543719
  31 144.253 4887.35 809.448 0.0544291
  32 149.253 4893.96 807.631 0.0545026
  33 154.253 4886.21 808.615 0.0544163
  34 159.253 4888.73 809.042 0.0544444
  35 164.253 4884.15 810.356 0.0543934
  36 169.253 4891.34 809.165 0.0544735
  37 174.253 4908.76 805.986 0.0546674
  38 179.253 4862.2 809.132 0.054149
  39 184.253 4941.38 808.9 0.0550307
  40 189.253 4880.67 810.526 0.0543546
  41 194.253 4929.98 814.713 0.0549038
  42 199.253 4909.82 811.469 0.0546793
  43 204.253 4887.9 808.443 0.0544352
  44 209.253 4928.94 807.305 0.0548922
  45 214.253 4871.25 808.027 0.0542497
  46 219.253 4906.76 805.695 0.0546452
  47 224.253 4882.67 807.036 0.0543769
  48 229.253 4885.07 807.158 0.0544036
  49 234.253 4888.18 812.286 0.0544383
  50 239.253 4882.49 810.977 0.0543749
  51 244.253 4887.01 812.118 0.0544252
  52 249.253 4893.07 809.046 0.0544927
  53 254.253 4888 813.239 0.0544363
  54 259.253 4889.7 812.605 0.0544552
  55 264.253 4879.75 811.718 0.0543444
  56 269.253 4889.98 810.917 0.0544583
  57 274.253 4891.38 811.264 0.0544739
  58 279.253 4884.33 811.195 0.0543954
  59 284.253 4887.95 809.898 0.0544357
  60 289.253 4891.48 809.603 0.054475
  61 294.253 4891.09 808.038 0.0544707
  62 299.253 4887.97 810.008 0.0544359
  63 304.253 4898.69 810.237 0.0545553
  64 309.253 4880.16 813.698 0.054349
  65 314.253 4884.69 811.184 0.0543994
  66 319.253 4881.95 812.388 0.0543689
  67 324.253 4894.64 812.135 0.0545102
  68 329.253 4894.61 814.165 0.0545099
  69 334.253 4874.85 811.995 0.0542898
  70 339.253 4893.68 811.539 0.0544995
  71 344.253 4896.36 811.627 0.0545294
  72 349.253 4882.19 810.651 0.0543716
  73 354.253 4877.55 813.633 0.0543199
  74 359.253 4885.66 812.217 0.0544102
  75 364.253 4886.83 809.063 0.0544233
  76 369.253 4901.46 805.636 0.0545862
  77 374.253 4892.02 804.824 0.054481
  78 379.253 4889.58 806.569 0.0544539
  79 384.253 4896.49 806.767 0.0545308
  80 389.253 4888.9 809.317 0.0544463
  81 394.253 1983.39 812.494 0.0220884
40000 81 393215.9999999997
  1 -5.74663 4885.27 807.223 0.0544059
  2 -0.746631 4901.4 804.49 0.0545855
  3 4.25337 4896.28 806.094 0.0545284
  4 9.25337 4884.55 808.856 0.0543979
  5 14.2534 4885.39 809.203 0.0544072
  6 19.2534 4888.13 807.024 0.0544377
  7 24.2534 4894.43 808.073 0.0545079
  8 29.2534 4886.84 809.002 0.0544234
  9 34.2534 4884.56 806.571 0.054398
  10 39.2534 4893.67 805.797 0.0544994
  11 44.2534 4887.21 809.486 0.0544275
  12 49.2534 4883.75 810.941 0.054389
  13 54.2534 4894.29 809.088 0.0545064
  14 59.2534 4887.23 806.928 0.0544277
  15 64.2534 4892.41 809.316 0.0544853
  16 69.2534 4885.18 807.995 0.0544049
  17 74.2534 4890.96 806.309 0.0544692
  18 79.2534 4894.07 808.417 0.0545038
  19 84.2534 4889.68 808.898 0.0544549
  20 89.2534 4879.47 808.667 0.0543412
  21 94.2534 4900.43 809.253 0.0545747
  22 99.2534 4883.23 809.312 0.0543831
  23 104.253 4880.56 809.325 0.0543535
  24 109.253 4897.36 808.433 0.0545405
  25 114.253 4893.68 805.392 0.0544995
  26 119.253 4887.9 804.894 0.0544352
  27 124.253 4885.37 807.814 0.054407
  28 129.253 4891.46 809.285 0.0544748
  29 134.253 4888.35 809.141 0.0544402
  30 139.253 4890.68 809.428 0.0544661
  31 144.253 4887.7 808.03 0.0544329
  32 149.253 4890.36 807.247 0.0544626
  33 154.253 4887.51 808.541 0.0544308
  34 159.253 4887.33 810.265 0.0544288
  35 164.253 4891.7 809.976 0.0544775
  36 169.253 4882.39 810.686 0.0543737
  37 174.253 4899.45 810.322 0.0545638
  38 179.253 4883.04 808.36 0.0543811
  39 184.253 4915.35 806.918 0.0547409
  40 189.253 4919.99 807.419 0.0547925
  41 194.253 4898.46 809.808 0.0545527
  42 199.253 4913.37 809.6 0.0547188
  43 204.253 4904.44 811.292 0.0546193
  44 209.253 4911.12 810.53 0.0546938
  45 214.253 4881.71 809.507 0.0543662
  46 219.253 4892.88 811.162 0.0544906
  47 224.253 4895.34 808.558 0.054518
  48 229.253 4888.36 809.492 0.0544403
  49 234.253 4878.92 812.079 0.0543351
  50 239.253 4884.68 811.446 0.0543993
  51 244.253 4885.44 811.884 0.0544077
  52 249.253 4890.99 810 0.0544695
  53 254.253 4892.94 811.46 0.0544913
  54 259.253 4889.18 812.092 0.0544495
  55 264.253 4884.64 814.348 0.0543989
  56 269.253 4888.61 810.564 0.0544431
  57 274.253 4887.78 810.384 0.0544338
  58 279.253 4897.65 811.153 0.0545438
  59 284.253 4874.57 809.798 0.0542867
  60 289.253 4888.25 808.092 0.0544391
  61 294.253 4896.96 808.827 0.0545361
  62 299.253 4898.31 809.228 0.054551
  63 304.253 4889.13 811.592 0.0544488
  64 309.253 4890.06 815.051 0.0544592
  65 314.253 4880.76 810.427 0.0543556
  66 319.253 4879.87 809.612 0.0543457
  67 324.253 4892.97 808.767 0.0544916
  68 329.253 4890.61 808.678 0.0544654
  69 334.253 4894.83 808.53 0.0545124
  70 339.253 4891.15 810.772 0.0544713
  71 344.253 4882.62 810.583 0.0543764
  72 349.253 4880.89 812.207 0.054357
  73 354.253 4883.08 813.968 0.0543815
  74 359.253 4894.78 807.364 0.0545118
  75 364.253 4887.25 807.097 0.0544279
  76 369.253 4893.65 807.049 0.0544992
  77 374.253 4894.14 805.517 0.0545046
  78 379.253 4883.59 810.712 0.0543872
  79 384.253 4884.67 811.058 0.0543992
  80 389.253 4885.72 808.312 0.0544108
  81 394.253 1983.04 809.871 0.0220846
45000 81 393215.9999999999
  1 -5.74663 4891.72 808.873 0.0544777
  2 -0.746631 4895.09 807.906 0.0545152
  3 4.25337 4896.35 809.201 0.0545293
  4 9.25337 4885.82 809.73 0.0544119
  5 14.2534 4882.74 810.555 0.0543777
  6 19.2534 4886.68 809.538 0.0544215
  7 24.2534 4884.39 809.065 0.054396
  8 29.2534 4891.57 808.775 0.054476
  9 34.2534 4891.96 808.789 0.0544804
  10 39.2534 4881.1 809.252 0.0543594
  11 44.2534 4893.89 808.421 0.0545019
  12 49.2534 4883.45 808.777 0.0543856
  13 54.2534 4890.29 807.827 0.0544618
  14 59.2534 4897.7 807.443 0.0545443
  15 64.2534 4887.93 806.909 0.0544355
  16 69.2534 4891.42 805.364 0.0544743
  17 74.2534 4891.65 808.795 0.0544769
  18 79.2534 4887.82 812.727 0.0544342
  19 84.2534 4881.12 811.094 0.0543597
  20 89.2534 4901.57 808.626 0.0545874
  21 94.2534 4889.99 807.833 0.0544585
  22 99.2534 4886.48 807.327 0.0544194
  23 104.253 4892.72 805.751 0.0544888
  24 109.253 4895.03 803.518 0.0545146
  25 114.253 4887.07 802.685 0.0544259
  26 119.253 4893.87 805.652 0.0545016
  27 124.253 4893.67 805.791 0.0544994
  28 129.253 4892.25 806.297 0.0544836
  29 134.253 4882.59 809.055 0.054376
  30 139.253 4885.41 809.779 0.0544074
  31 144.253 4893.56 808.172 0.0544982
  32 149.253 4889.08 809.114 0.0544483
  33 154.253 4893.29 808.592 0.0544952
  34 159.253 4886.47 809.457 0.0544193
  35 164.253 4888.61 809.71 0.054443
  36 169.253 4876.16 809.033 0.0543044
  37 174.253 4903.49 809.614 0.0546087
  38 179.253 4897.59 811.747 0.0545431
  39 184.253 4895.83 809.573 0.0545235
  40 189.253 4915.56 812.962 0.0547432
  41 194.253 4910.08 812.276 0.0546821
  42 199.253 4904.48 809.466 0.0546198
  43 204.253 4906.16 811.936 0.0546385
  44 209.253 4900.5 813.243 0.0545754
  45 214.253 4891.13 811.928 0.0544712
  46 219.253 4880.37 811.91 0.0543513
  47 224.253 4889.92 809.012 0.0544576
  48 229.253 4891.21 807.518 0.054472
  49 234.253 4886.44 805.096 0.0544189
  50 239.253 4899.85 806.854 0.0545683
  51 244.253 4895.1 809.343 0.0545153
  52 249.253 4883.79 808.813 0.0543894
  53 254.253 4885.14 806.797 0.0544044
  54 259.253 4884.66 809.319 0.0543991
  55 264.253 4890.23 812.485 0.0544611
  56 269.253 4891.34 813.713 0.0544734
  57 274.253 4882.54 812.735 0.0543755
  58 279.253 4888.01 811.129 0.0544364
  59 284.253 4893.08 810.175 0.0544929
  60 289.253 4884.57 809.443 0.0543981
  61 294.253 4888.88 806.521 0.054446
  62 299.253 4890.48 807.492 0.0544639
  63 304.253 4887.5 807.97 0.0544307
  64 309.253 4886.67 807.838 0.0544215
  65 314.253 4893.43 810.591 0.0544967
  66 319.253 4890.9 810.755 0.0544686
  67 324.253 4887.41 810.207 0.0544297
  68 329.253 4884.46 814.457 0.0543969
  69 334.253 4878.3 814.983 0.0543282
  70 339.253 4885.85 811.59 0.0544124
  71 344.253 4895.03 809.033 0.0545146
  72 349.253 4885.46 811.636 0.054408
  73 354.253 4883.13 811.06 0.0543821
  74 359.253 4891.97 806.145 0.0544805
  75 364.253 4884.76 806.534 0.0544002
  76 369.253 4892.99 805.593 0.0544919
  77 374.253 4890.26 806.587 0.0544615
  78 379.253 4888.87 807.795 0.0544459
  79 384.253 4890.19 810.359 0.0544607
  80 389.253 4886.42 811.102 0.0544187
  81 394.253 1981.45 809.135 0.0220669
50000 81 393216.00000000006
  1 -5.74663 4883.86 806.156 0.0543902
  2 -0.746631 4894.08 807.945 0.054504
  3 4.25337 4888.36 808.843 0.0544403
  4 9.25337 4890.78 808.984 0.0544672
  5 14.2534 4880.69 807.263 0.0543549
  6 19.2534 4884.39 810.708 0.054396
  7 24.2534 4892.42 809.853 0.0544855
  8 29.2534 4885.08 811.212 0.0544038
  9 34.2534 4891.55 810.311 0.0544758
  10 39.2534 4891.7 810.349 0.0544775
  11 44.2534 4887.86 812.364 0.0544347
  12 49.2534 4886.37 809.064 0.0544182
  13 54.2534 4883.42 807.894 0.0543852
  14 59.2534 4892.78 807.076 0.0544895
  15 64.2534 4888.53 809.296 0.0544422
  16 69.2534 4886.32 809.929 0.0544176
  17 74.2534 4883.9 812.523 0.0543906
  18 79.2534 4890.17 809.424 0.0544604
  19 84.2534 4895.47 806.878 0.0545195
  20 89.2534 4887.41 807.934 0.0544297
  21 94.2534 4894.02 807.715 0.0545033
  22 99.2534 4890.48 807.515 0.0544639
  23 104.253 4891.19 808.326 0.0544718
  24 109.253 4893.28 810.774 0.054495
  25 114.253 4885.8 807.3 0.0544118
  26 119.253 4895.19 807.636 0.0545164
  27 124.253 4885.82 806.674 0.054412
  28 129.253 4896.43 807.31 0.0545302
  29 134.253 4888.58 807.361 0.0544428
  30 139.253 4882.05 809.003 0.05437
  31 144.253 4887.99 810.226 0.0544362
  32 149.253 4890.09 808.918 0.0544595
  33 154.253 4895.61 806.613 0.054521
  34 159.253 4891.84 808.892 0.054479
  35 164.253 4884.59 810.376 0.0543983
  36 169.253 4878.37 809.784 0.054329
  37 174.253 4892.38 810.499 0.0544851
  38 179.253 4913.39 808.706 0.054719
  39 184.253 4885.33 808.482 0.0544066
  40 189.253 4918.74 809.963 0.0547787
  41 194.253 4897.51 809.546 0.0545422
  42 199.253 4931.41 808.399 0.0549197
  43 204.253 4892.47 807.78 0.054486
  44 209.253 4905 807.909 0.0546256
  45 214.253 4890.21 808.04 0.0544609
  46 219.253 4886.32 809.814 0.0544176
  47 224.253 4886.79 810.445 0.0544228
  48 229.253 4891.8 811.681 0.0544785
  49 234.253 4881.82 811.387 0.0543675
  50 239.253 4887.85 810.682 0.0544346
  51 244.253 4884.68 808.052 0.0543993
  52 249.253 4896.18 808.268 0.0545273
  53 254.253 4886.81 808.021 0.054423
  54 259.253 4892.55 808.143 0.054487
  55 264.253 4884.53 808.88 0.0543976
  56 269.253 4887.02 811.198 0.0544254
  57 274.253 4894.39 811.545 0.0545074
  58 279.253 4882.77 810.926 0.054378
  59 284.253 4880.22 810.312 0.0543496
  60 289.253 4894.8 809.421 0.054512
  61 294.253 4897.44 810.823 0.0545414
  62 299.253 4886.92 808.381 0.0544242
  63 304.253 4886.27 805.612 0.054417
  64 309.253 4895.23 804.217 0.0545168
  65 314.253 4888.29 805.874 0.0544395
  66 319.253 4885.92 806.152 0.0544131
  67 324.253 4889.82 808.707 0.0544565
  68 329.253 4891.47 806.552 0.054475
  69 334.253 4896.49 808.147 0.0545308
  70 339.253 4883.06 807.164 0.0543813
  71 344.253 4887.36 808.025 0.0544291
  72 349.253 4889.04 808.02 0.0544479
  73 354.253 4890.36 812.031 0.0544625
  74 359.253 4880.86 812.822 0.0543568
  75 364.253 4893.15 810.997 0.0544936
  76 369.253 4883.8 814.662 0.0543895
  77 374.253 4891.39 811.807 0.054474
  78 379.253 4880.79 808.233 0.054356
  79 384.253 4897.89 803.819 0.0545464
  80 389.253 4888.01 802.64 0.0544363
  81 394.253 1991.01 802.642 0.0221734
55000 81 393216.0000000002
  1 -5.74663 4890.06 807.718 0.0544592
  2 -0.746631 4880.87 808.198 0.0543568
  3 4.25337 4898.41 809.629 0.0545522
  4 9.25337 4883.26 811.49 0.0543835
  5 14.2534 4882.51 808.145 0.0543752
  6 19.2534 4889.08 809.353 0.0544483
  7 24.2534 4894.45 810.326 0.0545081
  8 29.2534 4893.71 808.638 0.0544999
  9 34.2534 4880.52 810.71 0.054353
  10 39.2534 4891 809.901 0.0544697
  11 44.2534 4886.27 808.176 0.054417
  12 49.2534 4890.82 808.042 0.0544677
  13 54.2534 4890.73 805.335 0.0544667
  14 59.2534 4889.79 806.567 0.0544562
  15 64.2534 4893.19 805.28 0.0544941
  16 69.2534 4889.2 806.852 0.0544497
  17 74.2534 4889.28 807.633 0.0544505
  18 79.2534 4894.76 808.098 0.0545116
  19 84.2534 4894.96 808.744 0.0545138
  20 89.2534 4880.67 807.89 0.0543547
  21 94.2534 4895.1 808.493 0.0545153
  22 99.2534 4884.15 810.148 0.0543934
  23 104.253 4894.34 810.167 0.0545069
  24 109.253 4886.95 810.418 0.0544246
  25 114.253 4879.79 811.474 0.0543449
  26 119.253 4883.65 810.74 0.0543878
  27 124.253 4891.94 808.624 0.0544801
  28 129.253 4891.76 807.89 0.0544781
  29 134.253 4890.08 805.853 0.0544594
  30 139.253 4895.45 807.128 0.0545192
  31 144.253 4886.5 808.27 0.0544196
  32 149.253 4893.59 807.502 0.0544986
  33 154.253 4887.35 808.924 0.054429
  34 159.253 4886.96 809.536 0.0544247
  35 164.253 4890.19 806.267 0.0544606
  36 169.253 4888.41 808.138 0.0544408
  37 174.253 4903.03 809.07 0.0546037
  38 179.253 4873.34 808.721 0.054273
  39 184.253 4913.55 808.576 0.0547208
  40 189.253 4904.86 812.588 0.054624
  41 194.253 4909.95 811.599 0.0546807
  42 199.253 4913.8 811.672 0.0547236
  43 204.253 4886.67 809.872 0.0544215
  44 209.253 4911.99 811.809 0.0547034
  45 214.253 4878.4 810.363 0.0543293
  46 219.253 4890.82 808.711 0.0544677
  47 224.253 4897.72 807.672 0.0545446
  48 229.253 4884.58 808.465 0.0543982
  49 234.253 4884.75 811.186 0.0544001
  50 239.253 4889.66 813.707 0.0544548
  51 244.253 4885.21 811.631 0.0544052
  52 249.253 4889.04 810.116 0.0544478
  53 254.253 4886.96 808.579 0.0544247
  54 259.253 4891.29 811.309 0.0544729
  55 264.253 4883.87 814.09 0.0543903
  56 269.253 4889.62 811.599 0.0544543
  57 274.253 4893.99 811.293 0.054503
  58 279.253 4884.51 808.081 0.0543974
  59 284.253 4878.24 808.455 0.0543276
  60 289.253 4897.67 809.74 0.054544
  61 294.253 4890.24 807.705 0.0544612
  62 299.253 4892.71 808.555 0.0544887
  63 304.253 4896 808.149 0.0545254
  64 309.253 4879.75 807.838 0.0543444
  65 314.253 4896.8 807.575 0.0545343
  66 319.253 4890 806.816 0.0544585
  67 324.253 4890.36 809.283 0.0544625
  68 329.253 4886.25 810.242 0.0544168
  69 334.253 4893.11 806.686 0.0544931
  70 339.253 4893.08 805.486 0.0544928
  71 344.253 4891.36 806.399 0.0544737
  72 349.253 4888.76 808.582 0.0544447
  73 354.253 4889.44 811.22 0.0544524
  74 359.253 4889.38 808.782 0.0544516
  75 364.253 4886.29 809.304 0.0544172
  76 369.253 4895.56 810.289 0.0545205
  77 374.253 4884.78 810.086 0.0544004
  78 379.253 4882.02 812.926 0.0543697
  79 384.253 4893.19 808.907 0.054494
  80 389.253 4890.75 807.809 0.0544669
  81 394.253 1982.88 807.453 0.0220828
60000 81 393216
  1 -5.74663 4889.68 809.977 0.054455
  2 -0.746631 4892.04 807.359 0.0544813
  3 4.25337 4885.62 809.195 0.0544098
  4 9.25337 4884.95 806.757 0.0544023
  5 14.2534 4889.22 807.908 0.0544499
  6 19.2534 4889.21 807.99 0.0544497
  7 24.2534 4891.32 807.44 0.0544732
  8 29.2534 4889.03 806.511 0.0544477
  9 34.2534 4883.74 810.044 0.0543889
  10 39.2534 4891.31 810.64 0.0544732
  11 44.2534 4889.76 809.189 0.0544559
  12 49.2534 4895.12 804.369 0.0545156
  13 54.2534 4884.46 806.846 0.0543968
  14 59.2534 4896.65 805.98 0.0545326
  15 64.2534 4888.01 804.807 0.0544364
  16 69.2534 4886 806.649 0.054414
  17 74.2534 4892.38 803.231 0.0544851
  18 79.2534 4885.23 803.703 0.0544054
  19 84.2534 4892.14 805.737 0.0544823
  20 89.2534 4898.19 809.971 0.0545498
  21 94.2534 4893.44 810.507 0.0544969
  22 99.2534 4886.32 812.585 0.0544175
  23 104.253 4885.19 807.505 0.054405
  24 109.253 4894.67 810.526 0.0545105
  25 114.253 4891.62 811.428 0.0544766
  26 119.253 4883.71 811.985 0.0543885
  27 124.253 4886.13 808.154 0.0544154
  28 129.253 4894.4 809.807 0.0545075
  29 134.253 4888.87 808.998 0.0544459
  30 139.253 4890.68 808.655 0.0544661
  31 144.253 4888.65 808.576 0.0544435
  32 149.253 4883.89 810.809 0.0543905
  33 154.253 4883.82 811.547 0.0543897
  34 159.253 4888.09 811.774 0.0544373
  35 164.253 4892.97 809.496 0.0544916
  36 169.253 4895.74 807.743 0.0545224
  37 174.253 4895.76 805.392 0.0545227
  38 179.253 4881.46 807.854 0.0543634
  39 184.253 4907.59 810.955 0.0546544
  40 189.253 4899.8 811.025 0.0545676
  41 194.253 4913.99 806.019 0.0547257
  42 199.253 4908.43 807.683 0.0546638
  43 204.253 4901.88 808.7 0.0545909
  44 209.253 4894.76 810.806 0.0545116
  45 214.253 4881.76 811.723 0.0543668
  46 219.253 4889.04 810.11 0.0544478
  47 224.253 4890.86 808.391 0.0544681
  48 229.253 4890.88 807.887 0.0544683
  49 234.253 4887.69 809.17 0.0544328
  50 239.253 4889.78 809.476 0.0544561
  51 244.253 4878.6 812.083 0.0543316
  52 249.253 4891.11 810.048 0.0544709
  53 254.253 4888.21 809.49 0.0544386
  54 259.253 4891.86 809.046 0.0544792
  55 264.253 4888.57 808.517 0.0544426
  56 269.253 4894.88 807.139 0.0545128
  57 274.253 4889.16 806.412 0.0544492
  58 279.253 4888.7 807.254 0.0544441
  59 284.253 4889.93 806.522 0.0544578
  60 289.253 4885.58 807.921 0.0544093
  61 294.253 4901.25 808.087 0.0545839
  62 299.253 4890.88 807.852 0.0544683
  63 304.253 4884.92 805.911 0.054402
  64 309.253 4891.73 807.224 0.0544779
  65 314.253 4890 808.304 0.0544586
  66 319.253 4889.92 808.243 0.0544576
  67 324.253 4880.84 808.643 0.0543565
  68 329.253 4893.39 808.063 0.0544963
  69 334.253 4893.46 808.223 0.0544971
  70 339.253 4883.54 807.076 0.0543866
  71 344.253 4892.22 808.951 0.0544833
  72 349.253 4887.73 810.674 0.0544333
  73 354.253 4885.26 809.459 0.0544058
  74 359.253 4888.22 809.178 0.0544387
  75 364.253 4889.13 809.458 0.0544489
  76 369.253 4892.7 809.66 0.0544886
  77 374.253 4881.26 808.259 0.0543612
  78 379.253 4895.22 807.378 0.0545167
  79 384.253 4889.66 806.104 0.0544547
  80 389.253 4890.68 807.208 0.0544662
  81 394.253 1981.5 810.017 0.0220674
65000 81 393216
  1 -5.74663 4890.14 808.063 0.0544601
  2 -0.746631 4888.67 807.878 0.0544437
  3 4.25337 4890.54 808.437 0.0544645
  4 9.25337 4882.81 809.789 0.0543784
  5 14.2534 4894.16 806.333 0.0545049
  6 19.2534 4893.31 805.12 0.0544955
  7 24.2534 4884.36 806.072 0.0543957
  8 29.2534 4889.33 808.837 0.054451
  9 34.2534 4886.11 809.342 0.0544152
  10 39.2534 4886.15 812.639 0.0544157
  11 44.2534 4890.42 811.843 0.0544633
  12 49.2534 4892.05 807.815 0.0544814
  13 54.2534 4889.16 805.105 0.0544492
  14 59.2534 4891.23 800.984 0.0544722
  15 64.2534 4895.15 802.4 0.0545159
  16 69.2534 4890.88 806.434 0.0544684
  17 74.2534 4885.56 805.579 0.0544091
  18 79.2534 4891.85 806.259 0.0544792
  19 84.2534 4894.48 806.177 0.0545084
  20 89.2534 4890.28 809.23 0.0544617
  21 94.2534 4894.31 808.471 0.0545065
  22 99.2534 4892.38 810.687 0.0544851
  23 104.253 4883.09 809.534 0.0543816
  24 109.253 4892.05 808.508 0.0544814
  25 114.253 4889.86 807.804 0.054457
  26 119.253 4889.12 809.89 0.0544488
  27 124.253 4883.19 808.043 0.0543827
  28 129.253 4887.22 808.667 0.0544276
  29 134.253 4892.77 809.608 0.0544894
  30 139.253 4895.07 810.832 0.054515
  31 144.253 4884.21 810.065 0.0543941
  32 149.253 4887.43 808.466 0.05443
  33 154.253 4889.44 809.555 0.0544523
  34 159.253 4881.65 809.507 0.0543655
  35 164.253 4890.36 811.104 0.0544626
  36 169.253 4895.17 809.07 0.0545161
  37 174.253 4892.46 807.75 0.054486
  38 179.253 4886.32 809.215 0.0544175
  39 184.253 4901.04 810.052 0.0545815
  40 189.253 4915.58 809.245 0.0547434
  41 194.253 4903.84 810.927 0.0546127
  42 199.253 4909.13 810.518 0.0546716
  43 204.253 4901.64 807.122 0.0545882
  44 209.253 4896.61 807.82 0.0545321
  45 214.253 4890.69 809.673 0.0544662
  46 219.253 4891.81 809.233 0.0544787
  47 224.253 4895.94 808.607 0.0545247
  48 229.253 4880.69 808.376 0.0543549
  49 234.253 4884.99 809.583 0.0544027
  50 239.253 4894.36 809.718 0.0545071
  51 244.253 4884.3 810.867 0.0543951
  52 249.253 4890.35 810.775 0.0544624
  53 254.253 4888.54 810.199 0.0544423
  54 259.253 4896.15 805.022 0.0545271
  55 264.253 4884.49 804.219 0.0543972
  56 269.253 4883.71 807.333 0.0543885
  57 274.253 4900.85 806.395 0.0545794
  58 279.253 4878.37 810.034 0.0543291
  59 284.253 4889.6 810.504 0.0544541
  60 289.253 4887.67 808.127 0.0544326
  61 294.253 4882.09 807.397 0.0543705
  62 299.253 4894.68 807.707 0.0545106
  63 304.253 4892.89 809.021 0.0544907
  64 309.253 4893.99 808.715 0.0545029
  65 314.253 4885.77 810.668 0.0544115
  66 319.253 4886.82 810.073 0.0544231
  67 324.253 4889.36 809.98 0.0544514
  68 329.253 4888.23 809.841 0.0544389
  69 334.253 4887.97 811.946 0.0544359
  70 339.253 4885.37 809.494 0.054407
  71 344.253 4890.42 808.014 0.0544632
  72 349.253 4889.07 808.668 0.0544482
  73 354.253 4889.48 808.995 0.0544528
  74 359.253 4892.11 811.539 0.054482
  75 364.253 4884.74 808.114 0.0544
  76 369.253 4887.63 807.35 0.0544322
  77 374.253 4896.72 808.229 0.0545334
  78 379.253 4893.14 810.022 0.0544935
  79 384.253 4875.1 809.094 0.0542926
  80 389.253 4891.68 805.834 0.0544772
  81 394.253 1985.63 805.052 0.0221134
