# Chunk-averaged data for fix tz and group all
# Timestep Number-of-chunks Total-count
# Chunk Coord1 Ncount temp density/number
25000 81 393216.0000000001
  1 -5.75991 4885.31 809.127 0.0543991
  2 -0.759905 4894.52 809.053 0.0545017
  3 4.24009 4892.58 809.076 0.0544801
  4 9.24009 4887.15 810.765 0.0544197
  5 14.2401 4883.55 810.213 0.0543795
  6 19.2401 4885.43 807.9 0.0544005
  7 24.2401 4895.84 806.989 0.0545164
  8 29.2401 4886.74 812.221 0.0544151
  9 34.2401 4882.33 812.554 0.0543659
  10 39.2401 4890.99 810.862 0.0544624
  11 44.2401 4887.33 809.216 0.0544217
  12 49.2401 4896.2 808.751 0.0545204
  13 54.2401 4886.75 805.158 0.0544152
  14 59.2401 4897.94 807.616 0.0545398
  15 64.2401 4895.48 808.33 0.0545124
  16 69.2401 4884.12 810.472 0.0543859
  17 74.2401 4878.51 810.008 0.0543234
  18 79.2401 4889.3 808.766 0.0544436
  19 84.2401 4895.94 809.572 0.0545175
  20 89.2401 4889.41 808.641 0.0544448
  21 94.2401 4892.59 808.73 0.0544801
  22 99.2401 4891.76 808.8 0.054471
  23 104.24 4883.12 810.97 0.0543747
  24 109.24 4887.68 809.773 0.0544255
  25 114.24 4887.87 810.729 0.0544276
  26 119.24 4902.19 810.517 0.054587
  27 124.24 4881.75 808.458 0.0543595
  28 129.24 4880.34 810.104 0.0543438
  29 134.24 4893.56 809.677 0.054491
  30 139.24 4892 810.341 0.0544736
  31 144.24 4881.36 809.166 0.0543551
  32 149.24 4889.32 808.837 0.0544438
  33 154.24 4895.37 808.117 0.0545111
  34 159.24 4891.8 806.48 0.0544714
  35 164.24 4883.14 809.081 0.054375
  36 169.24 4880.81 809.558 0.054349
  37 174.24 4923.81 811.662 0.0548279
  38 179.24 4853.91 810.307 0.0540495
  39 184.24 4941.01 810.445 0.0550194
  40 189.24 4897.13 812.011 0.0545307
  41 194.24 4867.86 810.668 0.0542048
  42 199.24 4967.89 808.54 0.0553187
  43 204.24 4846.83 811.233 0.0539706
  44 209.24 4934.52 814.031 0.0549471
  45 214.24 4882.41 812.759 0.0543668
  46 219.24 4875.34 810.417 0.0542881
  47 224.24 4891.34 809.523 0.0544663
  48 229.24 4897.65 807.133 0.0545366
  49 234.24 4891.25 809.04 0.0544653
  50 239.24 4879.71 808.484 0.0543368
  51 244.24 4887.58 808.788 0.0544244
  52 249.24 4891.99 807.672 0.0544735
  53 254.24 4891.05 805.139 0.0544631
  54 259.24 4888.2 805.882 0.0544313
  55 264.24 4889.63 806.173 0.0544473
  56 269.24 4883.99 810.423 0.0543844
  57 274.24 4898.57 808.184 0.0545468
  58 279.24 4885.25 808.433 0.0543985
  59 284.24 4880.86 809.149 0.0543495
  60 289.24 4893.27 810.115 0.0544878
  61 294.24 4897.47 810.151 0.0545345
  62 299.24 4895.92 807.687 0.0545173
  63 304.24 4886.03 808.055 0.0544071
  64 309.24 4888.01 808.538 0.0544292
  65 314.24 4878.09 810.759 0.0543188
  66 319.24 4892.27 809.28 0.0544766
  67 324.24 4891.19 809.418 0.0544646
  68 329.24 4894.73 809.609 0.054504
  69 334.24 4883.66 811.418 0.0543807
  70 339.24 4883.07 809.496 0.0543741
  71 344.24 4883 809.581 0.0543734
  72 349.24 4888.82 812.384 0.0544383
  73 354.24 4887.26 813.861 0.0544208
  74 359.24 4884.82 811.907 0.0543937
  75 364.24 4889.5 813.623 0.0544458
  76 369.24 4892.72 811.847 0.0544816
  77 374.24 4889.12 810.191 0.0544415
  78 379.24 4883.71 807.222 0.0543813
  79 384.24 4888.64 808.979 0.0544363
  80 389.24 4890.8 810.92 0.0544603
  81 394.24 2006.03 807.326 0.0223376
30000 81 393216
  1 -5.75991 4890.21 811.925 0.0544537
  2 -0.759905 4891.23 810.04 0.054465
  3 4.24009 4883.74 809.478 0.0543816
  4 9.24009 4883.01 808.887 0.0543736
  5 14.2401 4887.31 811.934 0.0544214
  6 19.2401 4886.99 812.584 0.0544178
  7 24.2401 4891.82 810.956 0.0544717
  8 29.2401 4891.68 809.84 0.05447
  9 34.2401 4886.58 810.853 0.0544133
  10 39.2401 4892.88 807.952 0.0544834
  11 44.2401 4886.91 805.558 0.0544169
  12 49.2401 4889.73 807.602 0.0544483
  13 54.2401 4887.25 811.725 0.0544208
  14 59.2401 4889.68 810.673 0.0544478
  15 64.2401 4884.19 811.019 0.0543867
  16 69.2401 4887.93 811.575 0.0544283
  17 74.2401 4895.04 810.043 0.0545075
  18 79.2401 4884.65 810.887 0.0543918
  19 84.2401 4896.13 807.97 0.0545196
  20 89.2401 4892.01 808.404 0.0544738
  21 94.2401 4883.99 807.706 0.0543844
  22 99.2401 4895.31 806.007 0.0545105
  23 104.24 4882.43 808.989 0.0543671
  24 109.24 4891.6 813.397 0.0544691
  25 114.24 4882.09 813.552 0.0543633
  26 119.24 4888.48 811.774 0.0544345
  27 124.24 4888.89 809.995 0.054439
  28 129.24 4887.14 806.869 0.0544195
  29 134.24 4889.5 808.486 0.0544458
  30 139.24 4891.08 810.073 0.0544634
  31 144.24 4891.74 809.894 0.0544707
  32 149.24 4884.1 809.533 0.0543857
  33 154.24 4887.27 808.629 0.0544209
  34 159.24 4888.67 808.199 0.0544365
  35 164.24 4891.59 810.06 0.054469
  36 169.24 4876.48 810.693 0.0543008
  37 174.24 4916.59 812.313 0.0547475
  38 179.24 4853.87 814.071 0.054049
  39 184.24 4933.6 811.077 0.0549369
  40 189.24 4911.77 811.515 0.0546938
  41 194.24 4866.99 809.695 0.0541952
  42 199.24 4968.82 807.465 0.055329
  43 204.24 4845.23 807.863 0.0539529
  44 209.24 4937.75 808.422 0.0549831
  45 214.24 4885.08 807.699 0.0543966
  46 219.24 4885.54 808.83 0.0544017
  47 224.24 4889.06 808.763 0.0544409
  48 229.24 4892.68 806.104 0.0544812
  49 234.24 4885.69 808.057 0.0544033
  50 239.24 4885.12 805.781 0.0543971
  51 244.24 4896.65 804.821 0.0545254
  52 249.24 4886.46 805.863 0.0544119
  53 254.24 4894.22 808.634 0.0544983
  54 259.24 4888.07 809.278 0.0544299
  55 264.24 4890.1 807.145 0.0544525
  56 269.24 4894.61 811.398 0.0545027
  57 274.24 4883.11 811.289 0.0543746
  58 279.24 4882.34 813.018 0.0543661
  59 284.24 4884.78 810.85 0.0543932
  60 289.24 4890.93 808.04 0.0544617
  61 294.24 4893.42 809.097 0.0544894
  62 299.24 4882.58 806.619 0.0543687
  63 304.24 4897.34 805.82 0.0545331
  64 309.24 4899.84 804.639 0.0545609
  65 314.24 4891.52 806.217 0.0544683
  66 319.24 4882.89 806.813 0.0543722
  67 324.24 4889.66 808.624 0.0544475
  68 329.24 4886.84 810.534 0.0544162
  69 334.24 4885.24 810.496 0.0543984
  70 339.24 4884.61 810.258 0.0543913
  71 344.24 4888.12 808.538 0.0544305
  72 349.24 4891.08 811.393 0.0544634
  73 354.24 4886.74 810.74 0.054415
  74 359.24 4894.91 810.027 0.054506
  75 364.24 4884.19 811.562 0.0543867
  76 369.24 4887.72 809.166 0.0544259
  77 374.24 4890.56 807.982 0.0544576
  78 379.24 4882.92 807.359 0.0543725
  79 384.24 4886.75 810.093 0.0544151
  80 389.24 4887.01 810.049 0.054418
  81 394.24 2013.68 809.778 0.0224228
35000 81 393216.00000000006
  1 -5.75991 4888.71 809.086 0.0544369
  2 -0.759905 4890.01 809.201 0.0544514
  3 4.24009 4884.47 811.422 0.0543898
  4 9.24009 4885.72 813.28 0.0544037
  5 14.2401 4887.1 810.86 0.0544191
  6 19.2401 4884.47 810.52 0.0543897
  7 24.2401 4884.89 809.24 0.0543945
  8 29.2401 4883.23 806.509 0.054376
  9 34.2401 4891.75 810.802 0.0544709
  10 39.2401 4885.08 810.477 0.0543966
  11 44.2401 4888.92 808.992 0.0544393
  12 49.2401 4892.67 810.586 0.0544811
  13 54.2401 4885.79 808.533 0.0544045
  14 59.2401 4891.26 809.089 0.0544654
  15 64.2401 4891.1 809.667 0.0544636
  16 69.2401 4892.3 808.076 0.054477
  17 74.2401 4889.2 808.645 0.0544425
  18 79.2401 4883.68 809.629 0.054381
  19 84.2401 4882.33 806.702 0.0543659
  20 89.2401 4900.31 808.271 0.0545662
  21 94.2401 4880.73 809.344 0.0543482
  22 99.2401 4888.52 808.687 0.0544349
  23 104.24 4887.48 813.723 0.0544233
  24 109.24 4892.39 810.287 0.054478
  25 114.24 4885.1 812.994 0.0543967
  26 119.24 4883.8 816.553 0.0543824
  27 124.24 4886.97 813.257 0.0544176
  28 129.24 4887.63 811.035 0.054425
  29 134.24 4891.99 809.764 0.0544735
  30 139.24 4886.02 809.165 0.054407
  31 144.24 4882.42 809.386 0.0543669
  32 149.24 4895.27 810.443 0.05451
  33 154.24 4886.41 812.318 0.0544114
  34 159.24 4883.87 816.581 0.054383
  35 164.24 4882.32 813.174 0.0543658
  36 169.24 4879.69 811.602 0.0543366
  37 174.24 4911.61 808.728 0.054692
  38 179.24 4866.55 807.553 0.0541903
  39 184.24 4945.59 809.015 0.0550704
  40 189.24 4882.41 804.145 0.0543668
  41 194.24 4927.25 804.681 0.0548662
  42 199.24 4915.64 806.36 0.0547368
  43 204.24 4891.06 806.709 0.0544632
  44 209.24 4909.79 810.602 0.0546717
  45 214.24 4880.61 810.988 0.0543468
  46 219.24 4887.08 809.279 0.0544189
  47 224.24 4897 809.578 0.0545293
  48 229.24 4888.6 811.48 0.0544357
  49 234.24 4884.11 810.326 0.0543858
  50 239.24 4887.48 809.462 0.0544233
  51 244.24 4892.31 807.966 0.0544771
  52 249.24 4891.09 806.803 0.0544635
  53 254.24 4893.2 806.55 0.054487
  54 259.24 4894.66 804.509 0.0545033
  55 264.24 4886.76 806.471 0.0544152
  56 269.24 4892.54 805.877 0.0544796
  57 274.24 4888.53 807.347 0.054435
  58 279.24 4891.2 806.819 0.0544647
  59 284.24 4887.84 810.656 0.0544273
  60 289.24 4890.63 808.901 0.0544584
  61 294.24 4887.23 809.194 0.0544205
  62 299.24 4895.05 809.027 0.0545076
  63 304.24 4887.35 808.558 0.0544218
  64 309.24 4887.95 810.024 0.0544285
  65 314.24 4886.37 809.758 0.0544109
  66 319.24 4893.74 811.288 0.054493
  67 324.24 4887.77 810.73 0.0544265
  68 329.24 4892.11 808.803 0.0544749
  69 334.24 4879.47 812.613 0.0543341
  70 339.24 4890.24 810.49 0.0544541
  71 344.24 4889.06 810.337 0.0544409
  72 349.24 4885.23 811.966 0.0543982
  73 354.24 4893.99 810.434 0.0544958
  74 359.24 4884.25 809.566 0.0543873
  75 364.24 4890.14 810.484 0.054453
  76 369.24 4893.23 810.047 0.0544873
  77 374.24 4884.64 810.7 0.0543917
  78 379.24 4884.74 809.12 0.0543928
  79 384.24 4893.09 809.977 0.0544858
  80 389.24 4892.08 808.491 0.0544745
  81 394.24 2011.12 807.481 0.0223943
40000 81 393215.99999999994
  1 -5.75991 4889.23 805.515 0.0544427
  2 -0.759905 4894 807.202 0.0544959
  3 4.24009 4887.72 810.121 0.0544259
  4 9.24009 4879.35 813.69 0.0543327
  5 14.2401 4893.18 812.267 0.0544868
  6 19.2401 4890.84 813.047 0.0544607
  7 24.2401 4877.85 811.693 0.0543161
  8 29.2401 4885.74 811.357 0.0544039
  9 34.2401 4888.25 810.204 0.0544319
  10 39.2401 4890.45 805.533 0.0544564
  11 44.2401 4895.09 804.78 0.0545081
  12 49.2401 4891.13 808.834 0.0544639
  13 54.2401 4885.08 808.079 0.0543965
  14 59.2401 4882.3 808.811 0.0543656
  15 64.2401 4890.75 809.334 0.0544597
  16 69.2401 4887.43 806.666 0.0544227
  17 74.2401 4892.21 805.994 0.054476
  18 79.2401 4887.8 807.001 0.0544268
  19 84.2401 4894.41 807.456 0.0545005
  20 89.2401 4889.83 807.885 0.0544494
  21 94.2401 4890.9 809.837 0.0544614
  22 99.2401 4886.26 809.417 0.0544098
  23 104.24 4890.46 810.165 0.0544565
  24 109.24 4885.28 809.67 0.0543988
  25 114.24 4884.13 809.168 0.054386
  26 119.24 4887.18 811.874 0.0544199
  27 124.24 4889.34 810.333 0.054444
  28 129.24 4889.14 809.466 0.0544418
  29 134.24 4891.03 810.884 0.0544628
  30 139.24 4888.06 809.294 0.0544298
  31 144.24 4891.07 809.317 0.0544632
  32 149.24 4888.83 808.454 0.0544383
  33 154.24 4880.62 810.497 0.0543469
  34 159.24 4876.25 811.819 0.0542982
  35 164.24 4892.64 811.478 0.0544808
  36 169.24 4895.07 809.862 0.0545078
  37 174.24 4903.18 808.883 0.0545982
  38 179.24 4866.6 811.586 0.0541908
  39 184.24 4965.8 810.285 0.0552954
  40 189.24 4844.98 808.425 0.0539501
  41 194.24 4969.93 806.438 0.0553414
  42 199.24 4875.84 809.17 0.0542936
  43 204.24 4915.37 809.532 0.0547338
  44 209.24 4900.87 806.634 0.0545724
  45 214.24 4879.66 808.451 0.0543362
  46 219.24 4891.89 811.203 0.0544724
  47 224.24 4886.83 810.312 0.0544161
  48 229.24 4893.54 809.329 0.0544907
  49 234.24 4886.17 810.038 0.0544087
  50 239.24 4893.45 808.19 0.0544897
  51 244.24 4889.69 804.278 0.0544479
  52 249.24 4882.69 808.503 0.05437
  53 254.24 4895.1 807.629 0.0545082
  54 259.24 4891.17 807.666 0.0544644
  55 264.24 4884.75 807.073 0.0543929
  56 269.24 4890.86 809.068 0.0544609
  57 274.24 4885.76 805.995 0.0544041
  58 279.24 4895.23 808.025 0.0545096
  59 284.24 4895.65 809.629 0.0545142
  60 289.24 4887.13 809.713 0.0544194
  61 294.24 4896.93 809.344 0.0545285
  62 299.24 4885.3 810.744 0.054399
  63 304.24 4884.7 809.364 0.0543923
  64 309.24 4887.77 807.677 0.0544265
  65 314.24 4884.71 809.633 0.0543924
  66 319.24 4883.7 811.549 0.0543812
  67 324.24 4888.49 811.002 0.0544345
  68 329.24 4885.04 813.62 0.0543961
  69 334.24 4889.36 814.065 0.0544442
  70 339.24 4886.93 813.313 0.0544172
  71 344.24 4890.6 812.358 0.054458
  72 349.24 4883.04 812.82 0.0543739
  73 354.24 4888.33 811.188 0.0544327
  74 359.24 4885.13 810.062 0.0543971
  75 364.24 4885.09 809.98 0.0543966
  76 369.24 4892.88 810.164 0.0544834
  77 374.24 4891.56 807.999 0.0544687
  78 379.24 4891.67 807.685 0.05447
  79 384.24 4889.01 811.3 0.0544404
  80 389.24 4885.01 809.082 0.0543958
  81 394.24 2009.74 806.904 0.022379
45000 81 393216
  1 -5.75991 4878.43 811.718 0.0543225
  2 -0.759905 4882.46 813.166 0.0543674
  3 4.24009 4890.92 810.703 0.0544616
  4 9.24009 4893.46 811.624 0.0544898
  5 14.2401 4879.2 811.573 0.054331
  6 19.2401 4887.39 809.93 0.0544222
  7 24.2401 4880.52 808.146 0.0543457
  8 29.2401 4882.61 810.631 0.0543691
  9 34.2401 4888.62 810.649 0.0544359
  10 39.2401 4883.7 809.386 0.0543812
  11 44.2401 4888.33 810.041 0.0544328
  12 49.2401 4891.12 808.789 0.0544638
  13 54.2401 4893.25 807.927 0.0544875
  14 59.2401 4889.68 807.013 0.0544478
  15 64.2401 4890.98 805.85 0.0544622
  16 69.2401 4885.8 807.747 0.0544046
  17 74.2401 4890.61 806.766 0.0544581
  18 79.2401 4890.65 806.429 0.0544586
  19 84.2401 4895.39 805.936 0.0545113
  20 89.2401 4883.97 808.617 0.0543842
  21 94.2401 4886.7 810.666 0.0544146
  22 99.2401 4895.31 809.186 0.0545105
  23 104.24 4890.98 810.234 0.0544623
  24 109.24 4890.91 807.906 0.0544615
  25 114.24 4883.13 808.506 0.0543749
  26 119.24 4891.35 810.948 0.0544664
  27 124.24 4888.77 809.919 0.0544376
  28 129.24 4889.95 810.344 0.0544508
  29 134.24 4880.74 811.921 0.0543483
  30 139.24 4883.34 810.388 0.0543772
  31 144.24 4892.32 810.327 0.0544771
  32 149.24 4898.65 809.33 0.0545477
  33 154.24 4887.58 810.314 0.0544244
  34 159.24 4883.55 812.709 0.0543795
  35 164.24 4887.88 812.947 0.0544277
  36 169.24 4877.15 812.989 0.0543082
  37 174.24 4917.7 810.934 0.0547598
  38 179.24 4866.42 811.569 0.0541888
  39 184.24 4941.93 814.105 0.0550296
  40 189.24 4889.36 809.193 0.0544442
  41 194.24 4924.19 809.679 0.054832
  42 199.24 4907.09 805.354 0.0546417
  43 204.24 4900.09 803.177 0.0545638
  44 209.24 4912.02 806.499 0.0546966
  45 214.24 4883.74 805.851 0.0543817
  46 219.24 4893.97 809.951 0.0544956
  47 224.24 4891.06 810.927 0.0544631
  48 229.24 4893.3 808.68 0.0544881
  49 234.24 4882.61 807.754 0.0543691
  50 239.24 4883.48 808.243 0.0543788
  51 244.24 4894.97 804.38 0.0545067
  52 249.24 4891.78 806.356 0.0544712
  53 254.24 4885.46 811.263 0.0544008
  54 259.24 4887.31 812.018 0.0544214
  55 264.24 4881.51 810.794 0.0543568
  56 269.24 4881.19 809.426 0.0543533
  57 274.24 4891.51 807.452 0.0544681
  58 279.24 4889.34 804.786 0.054444
  59 284.24 4898.28 807.967 0.0545435
  60 289.24 4885.71 810.274 0.0544036
  61 294.24 4888.85 809.942 0.0544386
  62 299.24 4888.47 811.183 0.0544343
  63 304.24 4900.32 808.948 0.0545663
  64 309.24 4876.52 811.577 0.0543013
  65 314.24 4884.62 809.522 0.0543915
  66 319.24 4902.36 807.173 0.0545889
  67 324.24 4894.29 809.499 0.0544992
  68 329.24 4875.8 808.533 0.0542933
  69 334.24 4891.9 807.934 0.0544725
  70 339.24 4895.72 808.012 0.054515
  71 344.24 4881.94 809.259 0.0543616
  72 349.24 4883.71 809.393 0.0543813
  73 354.24 4888.85 808.982 0.0544386
  74 359.24 4882.62 809.969 0.0543692
  75 364.24 4892.11 810.474 0.0544748
  76 369.24 4884.65 811.671 0.0543918
  77 374.24 4887.77 809.676 0.0544265
  78 379.24 4889.66 807.073 0.0544476
  79 384.24 4889.86 807.6 0.0544498
  80 389.24 4891.59 809.424 0.054469
  81 394.24 2014.98 810.142 0.0224373
50000 81 393215.99999999994
  1 -5.75991 4885.94 811.638 0.0544061
  2 -0.759905 4884.87 806.471 0.0543943
  3 4.24009 4891.76 808.572 0.0544709
  4 9.24009 4883.29 809.25 0.0543767
  5 14.2401 4887.04 812.378 0.0544184
  6 19.2401 4884.28 813.945 0.0543877
  7 24.2401 4884.5 809.793 0.0543902
  8 29.2401 4891.34 810.705 0.0544663
  9 34.2401 4888.66 810.17 0.0544364
  10 39.2401 4885.2 808.887 0.0543979
  11 44.2401 4882.3 811.43 0.0543656
  12 49.2401 4892.46 809.451 0.0544787
  13 54.2401 4889.25 809.998 0.054443
  14 59.2401 4891.95 805.05 0.0544731
  15 64.2401 4883.75 807.884 0.0543818
  16 69.2401 4886.19 808.886 0.0544089
  17 74.2401 4890.26 810.709 0.0544543
  18 79.2401 4881.51 811.369 0.0543568
  19 84.2401 4902.75 810.588 0.0545933
  20 89.2401 4890.73 808.575 0.0544594
  21 94.2401 4890.79 806.75 0.0544602
  22 99.2401 4881.7 807.13 0.054359
  23 104.24 4883.79 809.396 0.0543822
  24 109.24 4893.34 807.102 0.0544886
  25 114.24 4895.21 808.299 0.0545093
  26 119.24 4886.01 809.011 0.054407
  27 124.24 4883.73 808.428 0.0543815
  28 129.24 4886.87 809.346 0.0544165
  29 134.24 4896.24 806.465 0.0545209
  30 139.24 4887.9 805.017 0.0544279
  31 144.24 4890.97 807.957 0.0544621
  32 149.24 4886.76 809.601 0.0544153
  33 154.24 4886.1 808.98 0.0544079
  34 159.24 4884.48 810.726 0.0543899
  35 164.24 4881.44 809.973 0.054356
  36 169.24 4888.94 814.008 0.0544395
  37 174.24 4910.55 814.502 0.0546802
  38 179.24 4887.56 816.47 0.0544242
  39 184.24 4909.58 814.822 0.0546694
  40 189.24 4906.31 810.59 0.0546329
  41 194.24 4917.23 809.848 0.0547545
  42 199.24 4910.56 807.841 0.0546803
  43 204.24 4890.09 809.167 0.0544524
  44 209.24 4909.86 810.441 0.0546725
  45 214.24 4882.19 806.036 0.0543644
  46 219.24 4882.93 804.667 0.0543727
  47 224.24 4895.61 805.286 0.0545138
  48 229.24 4902.48 802.568 0.0545903
  49 234.24 4892.93 802.194 0.054484
  50 239.24 4887.61 807.177 0.0544248
  51 244.24 4883.05 810.293 0.0543739
  52 249.24 4888.41 806.522 0.0544336
  53 254.24 4890.94 806.098 0.0544619
  54 259.24 4892.11 809.677 0.0544748
  55 264.24 4886.39 808.223 0.0544111
  56 269.24 4883.45 808.471 0.0543785
  57 274.24 4894.78 808.501 0.0545046
  58 279.24 4885.67 808.571 0.0544031
  59 284.24 4885.49 810.226 0.0544011
  60 289.24 4885.64 809.306 0.0544028
  61 294.24 4898.02 807.967 0.0545407
  62 299.24 4896.66 807.586 0.0545256
  63 304.24 4891.12 807.278 0.0544638
  64 309.24 4890.29 806.99 0.0544546
  65 314.24 4883.85 809.037 0.0543828
  66 319.24 4890.87 810.655 0.054461
  67 324.24 4882.81 808.517 0.0543713
  68 329.24 4888.26 805.427 0.0544319
  69 334.24 4887.06 805.843 0.0544186
  70 339.24 4892.68 805.427 0.0544812
  71 344.24 4892.35 807.77 0.0544775
  72 349.24 4884.56 810.933 0.0543908
  73 354.24 4881.88 810.599 0.0543609
  74 359.24 4893.22 811.039 0.0544872
  75 364.24 4888.55 809.424 0.0544352
  76 369.24 4889.4 806.228 0.0544447
  77 374.24 4886.39 808.001 0.0544111
  78 379.24 4884.06 810.511 0.0543853
  79 384.24 4890.72 809.404 0.0544593
  80 389.24 4885.88 811.003 0.0544055
  81 394.24 2013.62 808.112 0.0224221
55000 81 393216.00000000006
  1 -5.75991 4890.29 808.441 0.0544546
  2 -0.759905 4881.94 810.245 0.0543616
  3 4.24009 4883.23 809.369 0.0543759
  4 9.24009 4889.67 811.682 0.0544477
  5 14.2401 4881.09 814.504 0.0543521
  6 19.2401 4890.09 811.24 0.0544524
  7 24.2401 4893.53 808.579 0.0544907
  8 29.2401 4883.03 810.077 0.0543737
  9 34.2401 4886.09 811.99 0.0544078
  10 39.2401 4881.64 810.175 0.0543583
  11 44.2401 4889.05 809.186 0.0544408
  12 49.2401 4889.9 809.829 0.0544503
  13 54.2401 4885.38 810.083 0.0543999
  14 59.2401 4889.11 808.044 0.0544415
  15 64.2401 4888.27 808.387 0.0544321
  16 69.2401 4897.1 806.993 0.0545304
  17 74.2401 4877.41 808.482 0.0543112
  18 79.2401 4884.52 810.701 0.0543903
  19 84.2401 4895.05 810.1 0.0545076
  20 89.2401 4890.61 808.267 0.0544581
  21 94.2401 4890.09 810.172 0.0544523
  22 99.2401 4882.74 809.287 0.0543705
  23 104.24 4892.78 807.492 0.0544823
  24 109.24 4893.57 809.768 0.0544911
  25 114.24 4884.87 805.162 0.0543943
  26 119.24 4885.45 803.689 0.0544007
  27 124.24 4893.23 801.715 0.0544873
  28 129.24 4901.36 800.702 0.0545778
  29 134.24 4893.18 800.721 0.0544867
  30 139.24 4891.77 804.814 0.0544711
  31 144.24 4885.46 807.305 0.0544008
  32 149.24 4889.04 810.099 0.0544406
  33 154.24 4882.09 810.894 0.0543633
  34 159.24 4878.88 810.612 0.0543275
  35 164.24 4892.91 811.169 0.0544837
  36 169.24 4885.27 812.842 0.0543987
  37 174.24 4887.27 813.604 0.054421
  38 179.24 4901.81 811.408 0.0545828
  39 184.24 4905.69 814.022 0.0546261
  40 189.24 4917.76 811.978 0.0547604
  41 194.24 4915.1 810.815 0.0547308
  42 199.24 4902.58 812.713 0.0545915
  43 204.24 4898.76 808.75 0.0545489
  44 209.24 4908.42 807.671 0.0546564
  45 214.24 4895.85 808.77 0.0545165
  46 219.24 4887.01 808.99 0.0544181
  47 224.24 4870.54 807.005 0.0542347
  48 229.24 4895.59 806.028 0.0545136
  49 234.24 4899.56 805.461 0.0545578
  50 239.24 4891.5 801.467 0.0544681
  51 244.24 4887.85 805.226 0.0544274
  52 249.24 4882.23 806.693 0.0543648
  53 254.24 4893.28 807.216 0.0544879
  54 259.24 4897.75 807.965 0.0545376
  55 264.24 4895 809.875 0.054507
  56 269.24 4879.46 811.487 0.054334
  57 274.24 4892.11 811.442 0.0544749
  58 279.24 4884.65 813.461 0.0543917
  59 284.24 4884.77 811.753 0.0543931
  60 289.24 4887.15 808.294 0.0544196
  61 294.24 4894 808.729 0.0544959
  62 299.24 4879.77 810.335 0.0543375
  63 304.24 4890.83 811.663 0.0544606
  64 309.24 4888.96 810.873 0.0544398
  65 314.24 4887.61 810.848 0.0544248
  66 319.24 4881.33 810.958 0.0543548
  67 324.24 4894.01 805.706 0.054496
  68 329.24 4897.05 806.531 0.0545299
  69 334.24 4893.19 804.76 0.0544869
  70 339.24 4889.81 805.788 0.0544492
  71 344.24 4887.87 807.982 0.0544276
  72 349.24 4886.87 809.831 0.0544165
  73 354.24 4887.11 808.613 0.0544191
  74 359.24 4898.19 807.648 0.0545426
  75 364.24 4882.98 808.598 0.0543731
  76 369.24 4883.54 810.583 0.0543794
  77 374.24 4898.19 811.071 0.0545425
  78 379.24 4882.11 813.646 0.0543635
  79 384.24 4882.08 811.519 0.0543631
  80 389.24 4882.65 812.632 0.0543696
  81 394.24 2016.48 807.765 0.022454
60000 81 393216.00000000006
  1 -5.75991 4882.07 809.827 0.054363
  2 -0.759905 4879.94 811.732 0.0543393
  3 4.24009 4884.81 809.932 0.0543936
  4 9.24009 4890.43 809.042 0.0544562
  5 14.2401 4889.21 809.559 0.0544426
  6 19.2401 4887.63 809.415 0.054425
  7 24.2401 4889.28 810.332 0.0544434
  8 29.2401 4883.59 809.866 0.05438
  9 34.2401 4889.03 809.267 0.0544406
  10 39.2401 4895.89 810.124 0.054517
  11 44.2401 4883.73 808.114 0.0543815
  12 49.2401 4887.72 809.803 0.0544259
  13 54.2401 4889.8 809.496 0.0544491
  14 59.2401 4884.97 809.499 0.0543954
  15 64.2401 4884.13 809.992 0.054386
  16 69.2401 4887.04 810.586 0.0544184
  17 74.2401 4882.27 808.587 0.0543653
  18 79.2401 4889.32 810.355 0.0544438
  19 84.2401 4877.23 810.368 0.0543092
  20 89.2401 4894.31 811.051 0.0544994
  21 94.2401 4895.58 808.964 0.0545135
  22 99.2401 4894.4 806.959 0.0545004
  23 104.24 4882.9 804.863 0.0543723
  24 109.24 4896.09 803.211 0.0545192
  25 114.24 4887.43 804.556 0.0544227
  26 119.24 4889.82 804.834 0.0544493
  27 124.24 4891.04 803.728 0.0544629
  28 129.24 4894.75 806.202 0.0545043
  29 134.24 4889.97 807.499 0.0544511
  30 139.24 4891.11 805.906 0.0544637
  31 144.24 4888.51 806.791 0.0544347
  32 149.24 4889.4 806.471 0.0544447
  33 154.24 4885.76 808.252 0.0544042
  34 159.24 4887.77 810.718 0.0544265
  35 164.24 4886.11 809.052 0.054408
  36 169.24 4875.98 808.824 0.0542953
  37 174.24 4913.52 809.214 0.0547132
  38 179.24 4901.55 810.042 0.0545799
  39 184.24 4893.31 810.609 0.0544882
  40 189.24 4918.33 812.867 0.0547668
  41 194.24 4908.17 812.578 0.0546537
  42 199.24 4926 809.613 0.0548522
  43 204.24 4885.72 810.277 0.0544037
  44 209.24 4908.72 810.955 0.0546598
  45 214.24 4888.52 810.022 0.0544349
  46 219.24 4881.96 807.958 0.0543618
  47 224.24 4891.84 806.54 0.0544719
  48 229.24 4899.11 807.343 0.0545528
  49 234.24 4889.85 807.691 0.0544497
  50 239.24 4884.57 807.871 0.0543909
  51 244.24 4889.62 807.699 0.0544471
  52 249.24 4887.24 806.979 0.0544206
  53 254.24 4881.82 807.705 0.0543603
  54 259.24 4893.01 808.57 0.0544849
  55 264.24 4891.51 807.993 0.0544681
  56 269.24 4883.72 809.875 0.0543814
  57 274.24 4884.71 810.208 0.0543925
  58 279.24 4892.84 808.424 0.054483
  59 284.24 4889.53 807.086 0.0544461
  60 289.24 4890.61 809.064 0.0544581
  61 294.24 4879.39 808.217 0.0543332
  62 299.24 4886.29 811.25 0.05441
  63 304.24 4893.14 809.367 0.0544863
  64 309.24 4895.49 805.761 0.0545125
  65 314.24 4895.69 806.071 0.0545147
  66 319.24 4886.22 806.68 0.0544093
  67 324.24 4884.52 807.433 0.0543903
  68 329.24 4893.26 808.888 0.0544877
  69 334.24 4890.64 807.779 0.0544585
  70 339.24 4889.16 805.69 0.054442
  71 344.24 4888.34 810.509 0.0544328
  72 349.24 4890.86 809.366 0.0544609
  73 354.24 4890.18 809.891 0.0544534
  74 359.24 4888.76 809.967 0.0544375
  75 364.24 4891.37 808.343 0.0544666
  76 369.24 4878.28 811.13 0.0543209
  77 374.24 4885.55 810.756 0.0544018
  78 379.24 4886.55 809.004 0.0544129
  79 384.24 4889.59 814.022 0.0544467
  80 389.24 4881.73 812.438 0.0543593
  81 394.24 2016.18 812.986 0.0224506
65000 81 393216.00000000006
  1 -5.75991 4879.9 810.496 0.0543389
  2 -0.759905 4880.37 813.865 0.0543441
  3 4.24009 4883.84 812.24 0.0543827
  4 9.24009 4895.7 810.553 0.0545149
  5 14.2401 4887.63 806.456 0.0544249
  6 19.2401 4885.7 809.209 0.0544035
  7 24.2401 4885.43 809.192 0.0544005
  8 29.2401 4886.32 809.497 0.0544103
  9 34.2401 4887.76 810.574 0.0544264
  10 39.2401 4895.85 808.807 0.0545165
  11 44.2401 4878.98 808.782 0.0543286
  12 49.2401 4881.88 809.332 0.054361
  13 54.2401 4891.67 809.647 0.0544699
  14 59.2401 4891.83 810.229 0.0544718
  15 64.2401 4888.19 810.822 0.0544312
  16 69.2401 4885.3 811.162 0.054399
  17 74.2401 4889.18 810.397 0.0544422
  18 79.2401 4887.75 809.721 0.0544263
  19 84.2401 4888.97 811.5 0.0544399
  20 89.2401 4883.13 810.197 0.0543749
  21 94.2401 4894.22 809.399 0.0544984
  22 99.2401 4889.85 808.498 0.0544497
  23 104.24 4888.24 808.1 0.0544318
  24 109.24 4889.72 808.379 0.0544483
  25 114.24 4888.07 811.125 0.0544299
  26 119.24 4890.89 804.719 0.0544612
  27 124.24 4890.91 801.9 0.0544615
  28 129.24 4893.94 804.303 0.0544952
  29 134.24 4888.08 806.186 0.05443
  30 139.24 4894.76 802.97 0.0545044
  31 144.24 4885.96 805.513 0.0544064
  32 149.24 4891.71 808.359 0.0544704
  33 154.24 4886.56 808.189 0.054413
  34 159.24 4880.72 808.321 0.054348
  35 164.24 4894.52 806.953 0.0545017
  36 169.24 4878.07 810.893 0.0543185
  37 174.24 4918.5 810.822 0.0547688
  38 179.24 4894.36 810.558 0.0544999
  39 184.24 4904.07 810.886 0.054608
  40 189.24 4933.46 810.378 0.0549353
  41 194.24 4894.47 812.921 0.0545011
  42 199.24 4937.1 812.857 0.0549759
  43 204.24 4879.06 815.284 0.0543296
  44 209.24 4913.12 810.633 0.0547088
  45 214.24 4881.98 809.683 0.054362
  46 219.24 4888.15 809.903 0.0544308
  47 224.24 4889.48 808.687 0.0544455
  48 229.24 4898.98 806.868 0.0545514
  49 234.24 4884.49 807.944 0.05439
  50 239.24 4882.36 810.123 0.0543663
  51 244.24 4887.95 811.308 0.0544285
  52 249.24 4892.57 808.358 0.05448
  53 254.24 4885.36 806.508 0.0543996
  54 259.24 4890.05 805.308 0.0544519
  55 264.24 4888.69 809.733 0.0544368
  56 269.24 4890.39 811.729 0.0544557
  57 274.24 4885.1 809.715 0.0543967
  58 279.24 4892.25 811.199 0.0544764
  59 284.24 4882.04 812.495 0.0543627
  60 289.24 4889.88 810.244 0.0544501
  61 294.24 4891.49 810.081 0.054468
  62 299.24 4889.14 808.488 0.0544418
  63 304.24 4882.45 808.582 0.0543673
  64 309.24 4893.24 807.971 0.0544874
  65 314.24 4885.36 810.615 0.0543996
  66 319.24 4892.42 808.949 0.0544783
  67 324.24 4881.75 807.098 0.0543595
  68 329.24 4894.17 806.654 0.0544978
  69 334.24 4880.11 809.304 0.0543412
  70 339.24 4886.78 809.046 0.0544155
  71 344.24 4894.52 808.95 0.0545016
  72 349.24 4889.78 807.322 0.0544489
  73 354.24 4882.99 806.16 0.0543733
  74 359.24 4890.86 806.889 0.0544609
  75 364.24 4889.84 806.88 0.0544496
  76 369.24 4877.51 809.823 0.0543122
  77 374.24 4888.09 809.621 0.0544301
  78 379.24 4892.1 811.384 0.0544748
  79 384.24 4887.48 808.923 0.0544233
  80 389.24 4889.86 809.34 0.0544498
  81 394.24 2010.57 807.361 0.0223882
