# Chunk-averaged data for fix tz and group all
# Timestep Number-of-chunks Total-count
# Chunk Coord1 Ncount temp density/number
25000 81 393215.9999999999
  1 -5.74663 4885.57 811.581 0.0544092
  2 -0.746631 4885.58 808.313 0.0544093
  3 4.25337 4884.55 808.222 0.0543978
  4 9.25337 4893.65 808.067 0.0544992
  5 14.2534 4892.94 805.918 0.0544913
  6 19.2534 4887.64 805.259 0.0544322
  7 24.2534 4896.61 802.554 0.0545322
  8 29.2534 4891 799.916 0.0544696
  9 34.2534 4893.11 798.334 0.0544932
  10 39.2534 4902.22 800.487 0.0545946
  11 44.2534 4891.71 798.439 0.0544776
  12 49.2534 4893.65 798.967 0.0544992
  13 54.2534 4896.22 797.626 0.0545278
  14 59.2534 4898.79 796.3 0.0545565
  15 64.2534 4893.56 796.939 0.0544982
  16 69.2534 4898.69 793.351 0.0545553
  17 74.2534 4899.57 789.451 0.0545651
  18 79.2534 4903.13 787.615 0.0546048
  19 84.2534 4898.34 786.821 0.0545515
  20 89.2534 4903.92 784.934 0.0546135
  21 94.2534 4911.86 784.731 0.0547019
  22 99.2534 4891.99 787.571 0.0544807
  23 104.253 4906.2 788.974 0.054639
  24 109.253 4903.99 791.864 0.0546143
  25 114.253 4898.17 793.431 0.0545496
  26 119.253 4903.77 794.742 0.0546119
  27 124.253 4895.05 796.962 0.0545147
  28 129.253 4898.19 793.204 0.0545498
  29 134.253 4892.48 796.161 0.0544862
  30 139.253 4894.78 798.517 0.0545118
  31 144.253 4906.78 796.53 0.0546454
  32 149.253 4889.77 795.842 0.054456
  33 154.253 4884.98 796.719 0.0544026
  34 159.253 4897.94 797.425 0.0545469
  35 164.253 4904.37 801.102 0.0546185
  36 169.253 4883.07 802.304 0.0543814
  37 174.253 4931.15 802.533 0.0549168
  38 179.253 4868.79 805.87 0.0542224
  39 184.253 4911.62 808.939 0.0546993
  40 189.253 4931.11 808.769 0.0549164
  41 194.253 4855.02 810.142 0.0540689
  42 199.253 4988.34 809.863 0.0555537
  43 204.253 4845.21 809.883 0.0539597
  44 209.253 4926.91 810.691 0.0548696
  45 214.253 4873.12 810.178 0.0542706
  46 219.253 4885.74 812.382 0.0544111
  47 224.253 4889.08 813.68 0.0544483
  48 229.253 4881.01 814.397 0.0543584
  49 234.253 4879.51 815.43 0.0543417
  50 239.253 4887.39 816.781 0.0544295
  51 244.253 4881.69 819.173 0.054366
  52 249.253 4889.07 815.497 0.0544482
  53 254.253 4877.53 819.524 0.0543197
  54 259.253 4881.86 820.299 0.0543679
  55 264.253 4884.22 820.778 0.0543942
  56 269.253 4873.04 824.02 0.0542697
  57 274.253 4876.53 826.676 0.0543086
  58 279.253 4874.04 829.185 0.0542808
  59 284.253 4869.21 834.519 0.054227
  60 289.253 4882.54 833.176 0.0543755
  61 294.253 4877.6 831.621 0.0543205
  62 299.253 4869.99 830.626 0.0542357
  63 304.253 4869.03 827.823 0.054225
  64 309.253 4883.36 827.404 0.0543846
  65 314.253 4876.68 824.864 0.0543102
  66 319.253 4881.5 821.083 0.0543638
  67 324.253 4876.96 823.922 0.0543133
  68 329.253 4883.17 823.389 0.0543825
  69 334.253 4883.84 819.901 0.0543899
  70 339.253 4879.58 817.962 0.0543425
  71 344.253 4883.11 815.114 0.0543818
  72 349.253 4885.69 814.196 0.0544105
  73 354.253 4887.46 814.262 0.0544303
  74 359.253 4887.6 812.983 0.0544318
  75 364.253 4884.03 814.672 0.0543921
  76 369.253 4887.26 817.048 0.054428
  77 374.253 4880.13 816.574 0.0543486
  78 379.253 4878.59 815.782 0.0543315
  79 384.253 4887.12 812.636 0.0544264
  80 389.253 4893.63 809.959 0.054499
  81 394.253 1982.12 811.627 0.0220743
30000 81 393215.9999999999
  1 -5.74663 4892.4 811.237 0.0544853
  2 -0.746631 4887.69 810.041 0.0544328
  3 4.25337 4881.65 807.264 0.0543656
  4 9.25337 4895.1 805.749 0.0545153
  5 14.2534 4897.46 805.68 0.0545417
  6 19.2534 4888.56 806.105 0.0544425
  7 24.2534 4878.11 802.561 0.0543261
  8 29.2534 4900.78 798.305 0.0545786
  9 34.2534 4900.57 796.356 0.0545762
  10 39.2534 4896.55 795.557 0.0545315
  11 44.2534 4900.57 792.251 0.0545762
  12 49.2534 4892.03 794.189 0.0544812
  13 54.2534 4900.38 796.06 0.0545742
  14 59.2534 4895.43 796.501 0.054519
  15 64.2534 4894.85 792.952 0.0545126
  16 69.2534 4899.42 790.965 0.0545635
  17 74.2534 4899.18 790.096 0.0545608
  18 79.2534 4897.52 787.752 0.0545423
  19 84.2534 4908.43 787.191 0.0546638
  20 89.2534 4907.22 785.457 0.0546503
  21 94.2534 4904.86 785.315 0.054624
  22 99.2534 4910.35 788.408 0.0546852
  23 104.253 4894.13 789.55 0.0545046
  24 109.253 4902.93 793.436 0.0546025
  25 114.253 4896.89 794.683 0.0545352
  26 119.253 4901.2 794.118 0.0545832
  27 124.253 4896.93 792.111 0.0545357
  28 129.253 4889.51 793.749 0.0544531
  29 134.253 4894.07 797.28 0.0545039
  30 139.253 4895.48 797.068 0.0545196
  31 144.253 4903.86 795.989 0.0546129
  32 149.253 4889.36 795.973 0.0544514
  33 154.253 4890.07 797.981 0.0544594
  34 159.253 4895.59 799.878 0.0545208
  35 164.253 4896.63 803.346 0.0545324
  36 169.253 4875.41 805.854 0.054296
  37 174.253 4921.62 807.646 0.0548107
  38 179.253 4893 806.47 0.0544919
  39 184.253 4876.87 807.084 0.0543124
  40 189.253 4981.81 810.204 0.055481
  41 194.253 4821.94 808.594 0.0537006
  42 199.253 5012.56 809.317 0.0558234
  43 204.253 4840.11 810.194 0.053903
  44 209.253 4924.6 812.956 0.0548438
  45 214.253 4888.22 813.384 0.0544387
  46 219.253 4881 815.594 0.0543583
  47 224.253 4882.66 815.472 0.0543768
  48 229.253 4877.31 813.918 0.0543172
  49 234.253 4886.59 816.118 0.0544206
  50 239.253 4888.69 817.736 0.054444
  51 244.253 4879.6 820.056 0.0543427
  52 249.253 4883.33 818.52 0.0543842
  53 254.253 4888.58 818.117 0.0544427
  54 259.253 4878.91 821.951 0.0543351
  55 264.253 4875.94 825.151 0.0543019
  56 269.253 4879.77 826.69 0.0543446
  57 274.253 4876.74 826.375 0.0543109
  58 279.253 4877.19 829.404 0.0543158
  59 284.253 4872.83 830.62 0.0542673
  60 289.253 4876.18 832.795 0.0543047
  61 294.253 4872.61 832.838 0.0542649
  62 299.253 4873.05 833.471 0.0542698
  63 304.253 4878.5 829.278 0.0543304
  64 309.253 4872.83 825.917 0.0542673
  65 314.253 4879.77 822.779 0.0543447
  66 319.253 4881.42 823.769 0.054363
  67 324.253 4881.48 824.433 0.0543637
  68 329.253 4876.5 823.554 0.0543082
  69 334.253 4881.71 821.96 0.0543662
  70 339.253 4879.93 816.837 0.0543464
  71 344.253 4885.59 819.193 0.0544095
  72 349.253 4884.31 818.637 0.0543951
  73 354.253 4871.61 820.866 0.0542537
  74 359.253 4885.08 814.843 0.0544038
  75 364.253 4891.15 813.676 0.0544713
  76 369.253 4891.11 811.843 0.0544709
  77 374.253 4881.69 815.305 0.054366
  78 379.253 4883.69 814.532 0.0543883
  79 384.253 4881.14 812.724 0.0543599
  80 389.253 4887.4 812.923 0.0544296
  81 394.253 1978.23 810.073 0.0220309
35000 81 393216.00000000006
  1 -5.74663 4887.2 808.787 0.0544273
  2 -0.746631 4882.13 811.944 0.0543709
  3 4.25337 4885.04 812.605 0.0544034
  4 9.25337 4892.3 809.424 0.0544841
  5 14.2534 4892.42 807.022 0.0544855
  6 19.2534 4890.25 802.805 0.0544613
  7 24.2534 4897.57 798.663 0.0545428
  8 29.2534 4896.82 800.55 0.0545345
  9 34.2534 4899.66 799.363 0.0545661
  10 39.2534 4901.76 797.93 0.0545895
  11 44.2534 4896.78 798.241 0.0545341
  12 49.2534 4890.23 797.126 0.0544611
  13 54.2534 4898.27 795.342 0.0545507
  14 59.2534 4898.05 794.018 0.0545482
  15 64.2534 4901.1 792.381 0.0545821
  16 69.2534 4904.31 789.332 0.0546179
  17 74.2534 4897.8 787.829 0.0545454
  18 79.2534 4907.59 787.125 0.0546544
  19 84.2534 4905.81 786.77 0.0546347
  20 89.2534 4912.02 785.653 0.0547038
  21 94.2534 4902.91 785.009 0.0546023
  22 99.2534 4901.06 785.53 0.0545817
  23 104.253 4901.73 785.796 0.0545891
  24 109.253 4902.29 789.456 0.0545954
  25 114.253 4897.74 790.407 0.0545448
  26 119.253 4911.75 790.329 0.0547008
  27 124.253 4900.67 793.271 0.0545774
  28 129.253 4895.43 797.672 0.054519
  29 134.253 4887.97 801.971 0.0544359
  30 139.253 4894.95 801.725 0.0545137
  31 144.253 4897.8 799.661 0.0545454
  32 149.253 4887.15 801.344 0.0544268
  33 154.253 4889.45 800.562 0.0544524
  34 159.253 4907.91 798.325 0.054658
  35 164.253 4887.98 801.073 0.054436
  36 169.253 4882.89 801.511 0.0543793
  37 174.253 4954.29 801.761 0.0551745
  38 179.253 4847.49 800.898 0.0539851
  39 184.253 4968.68 803.664 0.0553347
  40 189.253 4892.77 809.275 0.0544893
  41 194.253 4865.93 811.94 0.0541905
  42 199.253 4986.6 811.198 0.0555344
  43 204.253 4835.66 811.241 0.0538534
  44 209.253 4946.51 813.38 0.0550879
  45 214.253 4875.16 811.544 0.0542933
  46 219.253 4883.44 812.386 0.0543855
  47 224.253 4878.06 815.721 0.0543256
  48 229.253 4879.12 820.05 0.0543374
  49 234.253 4880.92 818.185 0.0543574
  50 239.253 4880.52 817.089 0.0543529
  51 244.253 4884.06 819.689 0.0543924
  52 249.253 4871.82 819.955 0.0542561
  53 254.253 4880.61 820.458 0.0543539
  54 259.253 4881.44 822.199 0.0543632
  55 264.253 4880.08 823.51 0.0543481
  56 269.253 4869.55 827.808 0.0542308
  57 274.253 4874.85 831.221 0.0542898
  58 279.253 4871.75 831.924 0.0542553
  59 284.253 4878.07 830.627 0.0543257
  60 289.253 4866.73 833.627 0.0541993
  61 294.253 4875.01 832.987 0.0542916
  62 299.253 4864.86 835.673 0.0541786
  63 304.253 4871.81 834.42 0.054256
  64 309.253 4875.35 832.145 0.0542953
  65 314.253 4878.02 827.211 0.0543251
  66 319.253 4880.18 825.898 0.0543492
  67 324.253 4876.76 827.238 0.0543111
  68 329.253 4881.43 825.5 0.0543631
  69 334.253 4874.78 823.761 0.054289
  70 339.253 4877.28 820.027 0.0543169
  71 344.253 4881.8 817.115 0.0543672
  72 349.253 4887.36 816.236 0.0544291
  73 354.253 4880.91 814.24 0.0543573
  74 359.253 4879.87 815.981 0.0543457
  75 364.253 4879.51 814.339 0.0543417
  76 369.253 4894.69 809.845 0.0545108
  77 374.253 4885.27 811.227 0.0544059
  78 379.253 4888.04 813.732 0.0544367
  79 384.253 4884.57 810.476 0.0543981
  80 389.253 4894.19 806.725 0.0545052
  81 394.253 1983.43 807.664 0.0220889
40000 81 393215.99999999994
  1 -5.74663 4904.84 808.972 0.0546238
  2 -0.746631 4884.21 810.888 0.0543941
  3 4.25337 4881.95 810.066 0.0543689
  4 9.25337 4886.87 809.208 0.0544237
  5 14.2534 4893.56 807.101 0.0544982
  6 19.2534 4886.93 803.064 0.0544244
  7 24.2534 4896.79 800.344 0.0545342
  8 29.2534 4892.2 800.61 0.0544831
  9 34.2534 4901.94 797.953 0.0545915
  10 39.2534 4898.38 799.482 0.0545519
  11 44.2534 4894.54 800.559 0.0545091
  12 49.2534 4885.22 796.934 0.0544053
  13 54.2534 4898.43 798.483 0.0545524
  14 59.2534 4900.99 792.055 0.0545809
  15 64.2534 4900.72 790.184 0.0545779
  16 69.2534 4898.96 786.416 0.0545584
  17 74.2534 4905.11 786.525 0.0546268
  18 79.2534 4912 788.052 0.0547036
  19 84.2534 4899.92 787.323 0.054569
  20 89.2534 4902.62 784.641 0.0545991
  21 94.2534 4908.45 784.899 0.054664
  22 99.2534 4908.73 785.074 0.0546672
  23 104.253 4904.52 787.189 0.0546203
  24 109.253 4892.46 792.575 0.0544859
  25 114.253 4903.5 792.855 0.0546089
  26 119.253 4909.26 794.799 0.0546731
  27 124.253 4898.49 794.988 0.0545531
  28 129.253 4887.85 796.234 0.0544346
  29 134.253 4894.27 798.701 0.0545061
  30 139.253 4902.08 799.537 0.0545931
  31 144.253 4890.63 800.495 0.0544656
  32 149.253 4896.47 800.007 0.0545306
  33 154.253 4895.77 800.762 0.0545228
  34 159.253 4896.61 803.358 0.0545322
  35 164.253 4890.7 805.286 0.0544664
  36 169.253 4876.57 802.594 0.054309
  37 174.253 4956.54 804.84 0.0551996
  38 179.253 4860.44 804.851 0.0541293
  39 184.253 4944.69 807.165 0.0550677
  40 189.253 4906.7 806.962 0.0546445
  41 194.253 4893.48 807.734 0.0544973
  42 199.253 4954.63 809.69 0.0551783
  43 204.253 4850.37 810.792 0.0540172
  44 209.253 4931.63 816.431 0.0549221
  45 214.253 4873.22 814.423 0.0542717
  46 219.253 4887.82 816.136 0.0544342
  47 224.253 4879.61 818.049 0.0543429
  48 229.253 4887.32 816.917 0.0544287
  49 234.253 4883.1 817.414 0.0543817
  50 239.253 4878.29 817.288 0.0543281
  51 244.253 4887.21 819.017 0.0544275
  52 249.253 4886.27 817.977 0.054417
  53 254.253 4868.72 823.067 0.0542215
  54 259.253 4881.82 824.952 0.0543674
  55 264.253 4876.56 832.066 0.0543089
  56 269.253 4867.91 833.449 0.0542126
  57 274.253 4867.8 833.707 0.0542114
  58 279.253 4869.16 834.208 0.0542265
  59 284.253 4870.99 832.03 0.0542468
  60 289.253 4879.28 833.106 0.0543392
  61 294.253 4874.67 833.229 0.0542878
  62 299.253 4877.06 832.087 0.0543144
  63 304.253 4870.15 831.062 0.0542375
  64 309.253 4869.14 834.958 0.0542262
  65 314.253 4875.92 831.016 0.0543017
  66 319.253 4881.21 828.256 0.0543606
  67 324.253 4872.57 826.065 0.0542645
  68 329.253 4875.52 824.013 0.0542973
  69 334.253 4883.6 826.588 0.0543873
  70 339.253 4877.03 824.556 0.0543141
  71 344.253 4876.49 819.846 0.0543081
  72 349.253 4885.17 817.975 0.0544048
  73 354.253 4888.57 815.248 0.0544426
  74 359.253 4884.61 811.705 0.0543985
  75 364.253 4884.53 811.206 0.0543976
  76 369.253 4887.11 811.774 0.0544264
  77 374.253 4882.54 809.411 0.0543755
  78 379.253 4883.39 811.506 0.0543849
  79 384.253 4894.17 809.066 0.054505
  80 389.253 4891.15 809.837 0.0544714
  81 394.253 1975.28 808.179 0.0219981
45000 81 393216.0000000001
  1 -5.74663 4885.93 810.748 0.0544133
  2 -0.746631 4887 810.664 0.0544252
  3 4.25337 4890.99 807.238 0.0544696
  4 9.25337 4890.51 803.932 0.0544642
  5 14.2534 4893.56 801.929 0.0544981
  6 19.2534 4889.12 804.107 0.0544487
  7 24.2534 4894.5 802.254 0.0545086
  8 29.2534 4891.03 797.985 0.0544701
  9 34.2534 4892.31 798.059 0.0544843
  10 39.2534 4892.23 798.964 0.0544833
  11 44.2534 4893.97 799.288 0.0545027
  12 49.2534 4901.75 794.885 0.0545894
  13 54.2534 4904.82 791.817 0.0546235
  14 59.2534 4899.66 791.754 0.0545661
  15 64.2534 4902.19 789.679 0.0545943
  16 69.2534 4902.07 788.458 0.054593
  17 74.2534 4897.94 786.984 0.0545469
  18 79.2534 4906.2 786.666 0.054639
  19 84.2534 4901.57 787 0.0545874
  20 89.2534 4905.51 784.905 0.0546313
  21 94.2534 4909.89 786.131 0.05468
  22 99.2534 4901.05 786.807 0.0545816
  23 104.253 4901.19 788.621 0.0545831
  24 109.253 4899.72 789.136 0.0545668
  25 114.253 4899.94 791.801 0.0545693
  26 119.253 4906.09 791.312 0.0546378
  27 124.253 4896.91 794.145 0.0545355
  28 129.253 4888.8 795.587 0.0544452
  29 134.253 4896.4 800.232 0.0545298
  30 139.253 4893.01 798.607 0.0544921
  31 144.253 4896.32 799.566 0.0545289
  32 149.253 4896.23 796.128 0.0545279
  33 154.253 4897.16 797.051 0.0545383
  34 159.253 4894.01 801.215 0.0545032
  35 164.253 4891.93 803.823 0.05448
  36 169.253 4870.58 804.831 0.0542422
  37 174.253 4953.18 805.359 0.0551622
  38 179.253 4846.52 806.414 0.0539743
  39 184.253 4966.12 805.342 0.0553063
  40 189.253 4892.48 805.758 0.0544862
  41 194.253 4911.02 809.508 0.0546926
  42 199.253 4943.4 808.36 0.0550532
  43 204.253 4856.64 813.613 0.054087
  44 209.253 4937.28 813.997 0.0549851
  45 214.253 4863.37 816.916 0.0541619
  46 219.253 4886.7 815.01 0.0544218
  47 224.253 4882.49 818.343 0.0543749
  48 229.253 4884.9 820.062 0.0544018
  49 234.253 4878.82 819.05 0.054334
  50 239.253 4881.83 815.214 0.0543676
  51 244.253 4879.83 818.44 0.0543452
  52 249.253 4882.82 820.894 0.0543786
  53 254.253 4879.87 821.636 0.0543458
  54 259.253 4873.61 825.542 0.054276
  55 264.253 4870.88 826.258 0.0542456
  56 269.253 4883.75 828.109 0.0543889
  57 274.253 4875.67 831.499 0.054299
  58 279.253 4864.58 836.031 0.0541755
  59 284.253 4874.65 834.073 0.0542876
  60 289.253 4884.12 831.816 0.0543931
  61 294.253 4877.68 831.236 0.0543213
  62 299.253 4869.74 830.623 0.0542329
  63 304.253 4876.49 831.564 0.0543081
  64 309.253 4862.21 835.114 0.0541491
  65 314.253 4880.93 832.528 0.0543575
  66 319.253 4873.56 830.281 0.0542754
  67 324.253 4884.44 827.586 0.0543966
  68 329.253 4876.76 822.143 0.0543111
  69 334.253 4878.62 821.715 0.0543319
  70 339.253 4879.39 825.052 0.0543404
  71 344.253 4882.49 822.003 0.0543749
  72 349.253 4877.57 821.003 0.0543202
  73 354.253 4887.18 816.747 0.0544271
  74 359.253 4886.03 811.755 0.0544144
  75 364.253 4888.04 810.871 0.0544367
  76 369.253 4892.05 810.791 0.0544814
  77 374.253 4882.26 811.508 0.0543724
  78 379.253 4884.16 811.131 0.0543935
  79 384.253 4886.25 810.19 0.0544167
  80 389.253 4891.12 810.946 0.054471
  81 394.253 1982.42 811.62 0.0220776
50000 81 393215.99999999994
  1 -5.74663 4890.6 805.756 0.0544652
  2 -0.746631 4889 808.956 0.0544474
  3 4.25337 4894.39 808.842 0.0545074
  4 9.25337 4886.67 804.292 0.0544215
  5 14.2534 4884.79 803.903 0.0544005
  6 19.2534 4891.28 803.804 0.0544728
  7 24.2534 4893.75 803.669 0.0545003
  8 29.2534 4893.6 801.585 0.0544986
  9 34.2534 4897.92 798.068 0.0545468
  10 39.2534 4891.82 796.582 0.0544788
  11 44.2534 4897.38 791.97 0.0545407
  12 49.2534 4904.42 790.883 0.0546191
  13 54.2534 4901.63 790.987 0.054588
  14 59.2534 4900.46 791.056 0.054575
  15 64.2534 4894.48 793.116 0.0545085
  16 69.2534 4900.19 792.81 0.054572
  17 74.2534 4898.75 790.57 0.0545559
  18 79.2534 4906.39 786.469 0.0546411
  19 84.2534 4903.81 785.208 0.0546124
  20 89.2534 4902.48 785.169 0.0545975
  21 94.2534 4913.68 784.61 0.0547222
  22 99.2534 4899.57 788.146 0.0545652
  23 104.253 4897.15 791.279 0.0545382
  24 109.253 4896.37 790.121 0.0545295
  25 114.253 4909.08 789.966 0.054671
  26 119.253 4894.01 788.738 0.0545032
  27 124.253 4897.29 791.166 0.0545397
  28 129.253 4896.9 792.653 0.0545354
  29 134.253 4905.29 794.398 0.0546288
  30 139.253 4894.51 796.276 0.0545087
  31 144.253 4893.24 797.047 0.0544946
  32 149.253 4890.86 799.231 0.0544681
  33 154.253 4894.01 799.991 0.0545032
  34 159.253 4900.32 800.706 0.0545734
  35 164.253 4887.78 804.426 0.0544338
  36 169.253 4880.35 804.407 0.054351
  37 174.253 4953.19 803.969 0.0551623
  38 179.253 4846.01 806.518 0.0539687
  39 184.253 4968.13 809.344 0.0553287
  40 189.253 4884.75 807.478 0.0544001
  41 194.253 4922.87 812.084 0.0548246
  42 199.253 4935.97 816.03 0.0549705
  43 204.253 4849.38 815.783 0.0540062
  44 209.253 4939.71 813.014 0.0550122
  45 214.253 4866.86 814.206 0.0542008
  46 219.253 4895.03 816.857 0.0545146
  47 224.253 4880.82 818.541 0.0543564
  48 229.253 4875.49 816.939 0.054297
  49 234.253 4883.57 822.774 0.0543869
  50 239.253 4886.11 820.103 0.0544153
  51 244.253 4884.13 820.657 0.0543932
  52 249.253 4880.3 823.199 0.0543505
  53 254.253 4878.94 825.171 0.0543354
  54 259.253 4876.23 822.845 0.0543052
  55 264.253 4875.49 825.294 0.054297
  56 269.253 4873.98 826.636 0.0542802
  57 274.253 4882.49 829.263 0.0543749
  58 279.253 4871.8 832.923 0.0542559
  59 284.253 4874 831.384 0.0542803
  60 289.253 4879.64 833.17 0.0543432
  61 294.253 4866.5 833.106 0.0541968
  62 299.253 4873.72 834.04 0.0542772
  63 304.253 4882.79 829.929 0.0543783
  64 309.253 4876.6 829.639 0.0543093
  65 314.253 4874.93 828.779 0.0542907
  66 319.253 4869.56 830.215 0.0542309
  67 324.253 4877.44 827.782 0.0543187
  68 329.253 4870.73 824.593 0.054244
  69 334.253 4878.58 822.52 0.0543314
  70 339.253 4879.68 824.098 0.0543436
  71 344.253 4882.49 824.291 0.0543749
  72 349.253 4875.6 822.121 0.0542982
  73 354.253 4879.15 825.21 0.0543377
  74 359.253 4881.56 820.619 0.0543645
  75 364.253 4891.09 815.211 0.0544707
  76 369.253 4888.21 812.322 0.0544386
  77 374.253 4880.31 812.197 0.0543507
  78 379.253 4884.35 810.996 0.0543956
  79 384.253 4886.1 808.608 0.0544152
  80 389.253 4892.45 807.021 0.0544858
  81 394.253 1985.07 806.678 0.0221072
55000 81 393216.00000000006
  1 -5.74663 4882.53 809.603 0.0543753
  2 -0.746631 4888.85 807.331 0.0544457
  3 4.25337 4895.21 805.845 0.0545166
  4 9.25337 4892.31 803.866 0.0544843
  5 14.2534 4893.26 802.324 0.0544948
  6 19.2534 4892.02 804.3 0.054481
  7 24.2534 4890.37 803.244 0.0544626
  8 29.2534 4897.76 801.752 0.054545
  9 34.2534 4896.3 795.368 0.0545288
  10 39.2534 4897.78 793.812 0.0545452
  11 44.2534 4893 795.672 0.054492
  12 49.2534 4891.68 795.425 0.0544773
  13 54.2534 4896.16 795.266 0.0545272
  14 59.2534 4907.32 792.205 0.0546515
  15 64.2534 4899.93 791.487 0.0545692
  16 69.2534 4898.73 790.134 0.0545557
  17 74.2534 4907.59 788.743 0.0546544
  18 79.2534 4901.46 788.693 0.0545862
  19 84.2534 4900.85 787.626 0.0545794
  20 89.2534 4899.24 784.717 0.0545614
  21 94.2534 4916.88 783.256 0.0547579
  22 99.2534 4912.86 786.053 0.0547131
  23 104.253 4895.69 785.864 0.0545219
  24 109.253 4896.04 789.897 0.0545259
  25 114.253 4904.85 788.263 0.0546239
  26 119.253 4905.61 788.841 0.0546324
  27 124.253 4897.31 792.628 0.05454
  28 129.253 4894.49 797.083 0.0545086
  29 134.253 4901.58 798.736 0.0545875
  30 139.253 4889.31 796.383 0.0544508
  31 144.253 4893.23 797.076 0.0544945
  32 149.253 4900.34 796.156 0.0545737
  33 154.253 4897.61 798.764 0.0545433
  34 159.253 4898.93 802.892 0.054558
  35 164.253 4879.74 806.711 0.0543443
  36 169.253 4895.52 807.533 0.05452
  37 174.253 4914.22 809.978 0.0547282
  38 179.253 4858.46 809.923 0.0541073
  39 184.253 4982.34 807.78 0.0554869
  40 189.253 4854.47 810.385 0.0540629
  41 194.253 4953.72 813.709 0.0551682
  42 199.253 4888.64 815.098 0.0544434
  43 204.253 4896.7 812.373 0.0545332
  44 209.253 4914.5 812.207 0.0547314
  45 214.253 4871.7 813.227 0.0542547
  46 219.253 4892.73 815.106 0.0544889
  47 224.253 4878.37 817.248 0.0543291
  48 229.253 4887.6 817.476 0.0544318
  49 234.253 4880.22 819.171 0.0543496
  50 239.253 4883.51 817.614 0.0543863
  51 244.253 4884.85 820.353 0.0544012
  52 249.253 4877.41 820.086 0.0543184
  53 254.253 4877 821.604 0.0543137
  54 259.253 4883.04 820.532 0.0543811
  55 264.253 4878.31 825.6 0.0543283
  56 269.253 4872.81 828.276 0.0542671
  57 274.253 4880.47 833.146 0.0543524
  58 279.253 4866.07 834.936 0.0541921
  59 284.253 4872.55 834.336 0.0542642
  60 289.253 4873.62 833.772 0.0542761
  61 294.253 4878.19 832.381 0.054327
  62 299.253 4879.41 828.622 0.0543406
  63 304.253 4870.49 831.243 0.0542413
  64 309.253 4879.83 827.197 0.0543453
  65 314.253 4877.23 826.253 0.0543163
  66 319.253 4876.32 825.679 0.0543062
  67 324.253 4875.68 829.261 0.0542991
  68 329.253 4876.67 826.397 0.0543101
  69 334.253 4883.52 823.954 0.0543863
  70 339.253 4875.15 823.219 0.0542932
  71 344.253 4882.49 821.714 0.0543749
  72 349.253 4877.97 820.659 0.0543245
  73 354.253 4868.64 820.96 0.0542206
  74 359.253 4886.55 816.953 0.0544201
  75 364.253 4886.77 815.03 0.0544226
  76 369.253 4885.64 816.18 0.05441
  77 374.253 4883.97 813.647 0.0543914
  78 379.253 4878.89 812.428 0.0543349
  79 384.253 4890.75 810.231 0.0544669
  80 389.253 4890.88 810.089 0.0544683
  81 394.253 1985.29 806.992 0.0221096
60000 81 393216
  1 -5.74663 4881.31 811.433 0.0543618
  2 -0.746631 4883.28 806.55 0.0543837
  3 4.25337 4898.83 802.853 0.0545568
  4 9.25337 4889.59 801.747 0.054454
  5 14.2534 4900.91 801.163 0.05458
  6 19.2534 4889.09 800.732 0.0544485
  7 24.2534 4892.9 798.336 0.0544908
  8 29.2534 4893.45 800.42 0.054497
  9 34.2534 4891.56 799.968 0.0544759
  10 39.2534 4901.45 796.731 0.0545861
  11 44.2534 4895.3 799.178 0.0545176
  12 49.2534 4897.59 798.774 0.0545431
  13 54.2534 4896.65 796.873 0.0545326
  14 59.2534 4898.8 795.263 0.0545565
  15 64.2534 4894.65 790.747 0.0545103
  16 69.2534 4903.65 790.451 0.0546106
  17 74.2534 4901.98 787.254 0.054592
  18 79.2534 4903.83 784.259 0.0546126
  19 84.2534 4905.32 786.481 0.0546292
  20 89.2534 4904.13 785.508 0.0546159
  21 94.2534 4909.4 784.994 0.0546746
  22 99.2534 4903.91 786.299 0.0546134
  23 104.253 4905.72 784.933 0.0546336
  24 109.253 4903.24 785.963 0.054606
  25 114.253 4904.13 786.613 0.054616
  26 119.253 4898.12 790.093 0.054549
  27 124.253 4897.28 792.283 0.0545396
  28 129.253 4903.07 794.602 0.0546041
  29 134.253 4897.35 795.858 0.0545404
  30 139.253 4896.25 796.787 0.0545282
  31 144.253 4891.44 797.048 0.0544746
  32 149.253 4898.04 795.489 0.054548
  33 154.253 4893.05 802.305 0.0544925
  34 159.253 4893.98 805.09 0.0545029
  35 164.253 4877.58 807.131 0.0543202
  36 169.253 4906.88 809.15 0.0546465
  37 174.253 4912.29 812.679 0.0547068
  38 179.253 4896.86 811.536 0.0545349
  39 184.253 4937.76 811.995 0.0549905
  40 189.253 4894.42 814.201 0.0545078
  41 194.253 4936.16 815.165 0.0549726
  42 199.253 4898.14 814.872 0.0545492
  43 204.253 4909.5 814.541 0.0546757
  44 209.253 4907.82 814.79 0.054657
  45 214.253 4871.24 812.133 0.0542496
  46 219.253 4895.24 813.367 0.0545169
  47 224.253 4884.23 813.407 0.0543943
  48 229.253 4879.55 814.27 0.0543421
  49 234.253 4880 822.86 0.0543471
  50 239.253 4882.52 823.295 0.0543753
  51 244.253 4877.44 820.841 0.0543187
  52 249.253 4874.3 818.95 0.0542837
  53 254.253 4881.49 821.133 0.0543637
  54 259.253 4881.55 824.829 0.0543644
  55 264.253 4879.95 824.687 0.0543466
  56 269.253 4872.58 829.459 0.0542646
  57 274.253 4870.16 830.764 0.0542375
  58 279.253 4871.11 832.578 0.0542482
  59 284.253 4874.84 833.105 0.0542898
  60 289.253 4879.4 830.888 0.0543405
  61 294.253 4873.04 833.438 0.0542697
  62 299.253 4872.06 832.035 0.0542587
  63 304.253 4872.11 832.565 0.0542593
  64 309.253 4876.58 828.715 0.0543091
  65 314.253 4876.87 826.426 0.0543123
  66 319.253 4874.91 827.926 0.0542905
  67 324.253 4879.77 824.843 0.0543446
  68 329.253 4871.07 823.491 0.0542478
  69 334.253 4878.98 821.241 0.0543359
  70 339.253 4875.79 820.865 0.0543003
  71 344.253 4890.55 821.435 0.0544646
  72 349.253 4885.29 822.452 0.0544061
  73 354.253 4871.22 820.576 0.0542494
  74 359.253 4880.01 820.46 0.0543473
  75 364.253 4878.56 821.076 0.0543312
  76 369.253 4882.11 818.098 0.0543707
  77 374.253 4877.77 818.821 0.0543223
  78 379.253 4896.33 814.438 0.054529
  79 384.253 4883.55 811.671 0.0543867
  80 389.253 4884.55 813.083 0.0543978
  81 394.253 1982.59 813.104 0.0220796
65000 81 393216.0000000002
  1 -5.74663 4891.53 810.056 0.0544756
  2 -0.746631 4884.4 808.083 0.0543962
  3 4.25337 4889.5 806.78 0.054453
  4 9.25337 4893.28 802.887 0.0544951
  5 14.2534 4895.5 800.263 0.0545198
  6 19.2534 4895.12 801.655 0.0545155
  7 24.2534 4893.66 799.161 0.0544993
  8 29.2534 4895.65 797.496 0.0545215
  9 34.2534 4893.93 797.896 0.0545024
  10 39.2534 4888.69 797.816 0.054444
  11 44.2534 4892.4 799.385 0.0544853
  12 49.2534 4898.67 794.956 0.0545551
  13 54.2534 4903.76 791.796 0.0546118
  14 59.2534 4902.74 790.884 0.0546004
  15 64.2534 4897.6 791.424 0.0545432
  16 69.2534 4899.77 791.88 0.0545673
  17 74.2534 4901.58 788.492 0.0545875
  18 79.2534 4902.43 786.991 0.054597
  19 84.2534 4901.11 786.495 0.0545823
  20 89.2534 4916.46 786.112 0.0547533
  21 94.2534 4902.61 786.031 0.054599
  22 99.2534 4903.86 786.474 0.0546129
  23 104.253 4908.26 783.86 0.0546619
  24 109.253 4898.75 785.705 0.054556
  25 114.253 4903.22 785.88 0.0546058
  26 119.253 4898.92 787.935 0.0545579
  27 124.253 4904.69 790.153 0.0546221
  28 129.253 4905.79 792.176 0.0546344
  29 134.253 4896.8 796.637 0.0545343
  30 139.253 4892.41 799.364 0.0544854
  31 144.253 4888.72 799.752 0.0544443
  32 149.253 4894.24 802.481 0.0545058
  33 154.253 4886.2 804.698 0.0544162
  34 159.253 4894.65 805.285 0.0545103
  35 164.253 4892.54 806.462 0.0544868
  36 169.253 4888.12 806.887 0.0544376
  37 174.253 4940.96 807.337 0.055026
  38 179.253 4864.07 810.315 0.0541698
  39 184.253 4956.48 811.935 0.0551989
  40 189.253 4885.3 811.986 0.0544062
  41 194.253 4939.67 814.349 0.0550117
  42 199.253 4925.23 814.538 0.0548509
  43 204.253 4872.89 812.714 0.054268
  44 209.253 4931.05 813.37 0.0549157
  45 214.253 4862.41 815.959 0.0541512
  46 219.253 4891.15 818.866 0.0544714
  47 224.253 4882.16 817.186 0.0543712
  48 229.253 4882.06 817.241 0.0543701
  49 234.253 4880.37 818.821 0.0543513
  50 239.253 4882.84 818.293 0.0543789
  51 244.253 4877.87 818.223 0.0543234
  52 249.253 4880.99 819.761 0.0543582
  53 254.253 4884.59 821.663 0.0543983
  54 259.253 4874.42 824.478 0.054285
  55 264.253 4873.96 829.188 0.0542799
  56 269.253 4874.81 833.315 0.0542894
  57 274.253 4874.11 829.942 0.0542815
  58 279.253 4872.3 830.289 0.0542614
  59 284.253 4869.77 831.785 0.0542332
  60 289.253 4874.21 833.744 0.0542827
  61 294.253 4879.6 833.095 0.0543427
  62 299.253 4872.13 832.245 0.0542595
  63 304.253 4872.67 833.366 0.0542656
  64 309.253 4870.38 831.672 0.05424
  65 314.253 4873.53 828.343 0.0542751
  66 319.253 4880.78 827.804 0.0543559
  67 324.253 4877.38 825.989 0.054318
  68 329.253 4870.65 826.378 0.054243
  69 334.253 4882.51 825.598 0.0543751
  70 339.253 4876.75 824.168 0.054311
  71 344.253 4873.57 826.802 0.0542756
  72 349.253 4874.99 824.363 0.0542914
  73 354.253 4877.2 821.468 0.054316
  74 359.253 4882.85 818.093 0.0543789
  75 364.253 4883.64 818.332 0.0543878
  76 369.253 4883.79 818.045 0.0543894
  77 374.253 4887.42 814.478 0.0544298
  78 379.253 4893 814.191 0.0544919
  79 384.253 4880.92 812.066 0.0543574
  80 389.253 4892.04 811.769 0.0544812
  81 394.253 1979.01 813.056 0.0220396
