# Chunk-averaged data for fix tz and group all
# Timestep Number-of-chunks Total-count
# Chunk Coord1 Ncount temp density/number
25000 81 393216
  1 -5.75296 4884.59 809.755 0.0543948
  2 -0.752961 4892.84 806.438 0.0544868
  3 4.24704 4881.91 809.119 0.054365
  4 9.24704 4893.39 808.223 0.0544928
  5 14.247 4892.74 805.953 0.0544856
  6 19.247 4890.3 807.937 0.0544585
  7 24.247 4887.06 805.391 0.0544224
  8 29.247 4893.81 808.131 0.0544976
  9 34.247 4881.66 805.79 0.0543622
  10 39.247 4889.5 804.193 0.0544496
  11 44.247 4893.76 806.547 0.054497
  12 49.247 4894.23 804.91 0.0545022
  13 54.247 4891.63 802.925 0.0544732
  14 59.247 4892.49 803.58 0.0544828
  15 64.247 4885.18 807.971 0.0544014
  16 69.247 4888.28 808.534 0.054436
  17 74.247 4891.86 809.566 0.0544759
  18 79.247 4893.72 809.082 0.0544966
  19 84.247 4882.81 810.246 0.054375
  20 89.247 4889.95 808.67 0.0544546
  21 94.247 4886.12 810.178 0.054412
  22 99.247 4882.62 809.753 0.054373
  23 104.247 4886.4 807.446 0.054415
  24 109.247 4894.18 806.002 0.0545017
  25 114.247 4891.42 807.311 0.0544709
  26 119.247 4889.03 807.894 0.0544443
  27 124.247 4891.05 809.478 0.0544668
  28 129.247 4889.83 808.362 0.0544532
  29 134.247 4887.51 808.439 0.0544274
  30 139.247 4895.3 810.099 0.0545142
  31 144.247 4883.82 808.747 0.0543863
  32 149.247 4890.01 809.317 0.0544552
  33 154.247 4881.93 811.004 0.0543653
  34 159.247 4891.52 808.871 0.0544721
  35 164.247 4884.03 809.243 0.0543887
  36 169.247 4889.57 808.764 0.0544503
  37 174.247 4909.75 810.91 0.054675
  38 179.247 4858.76 812.189 0.0541072
  39 184.247 4948.61 811.798 0.0551078
  40 189.247 4864.59 813.776 0.0541722
  41 194.247 4935.32 812.092 0.0549598
  42 199.247 4893.78 812.529 0.0544972
  43 204.247 4885.44 809.954 0.0544044
  44 209.247 4924.23 809.432 0.0548363
  45 214.247 4879.76 809.976 0.0543411
  46 219.247 4888.29 810.015 0.0544361
  47 224.247 4888.79 810.038 0.0544416
  48 229.247 4893.19 809.72 0.0544907
  49 234.247 4884.73 807.576 0.0543965
  50 239.247 4891.77 807.811 0.0544748
  51 244.247 4886.88 807.09 0.0544204
  52 249.247 4886.36 806.123 0.0544146
  53 254.247 4895.74 803.298 0.0545191
  54 259.247 4879.76 806.271 0.0543411
  55 264.247 4884.06 808.552 0.0543889
  56 269.247 4892.27 805.836 0.0544804
  57 274.247 4892.75 803.732 0.0544857
  58 279.247 4895.67 802.631 0.0545183
  59 284.247 4898.09 803.161 0.0545452
  60 289.247 4888.2 807.264 0.054435
  61 294.247 4888.52 808.824 0.0544387
  62 299.247 4896.39 806.858 0.0545263
  63 304.247 4888.38 804.491 0.0544371
  64 309.247 4886.16 803.919 0.0544123
  65 314.247 4890.86 804.257 0.0544647
  66 319.247 4888.29 806.871 0.054436
  67 324.247 4889.18 808.895 0.054446
  68 329.247 4888.2 812.243 0.0544351
  69 334.247 4885.38 809.511 0.0544036
  70 339.247 4895.84 808.82 0.0545201
  71 344.247 4887.4 809.591 0.0544261
  72 349.247 4883.86 810.302 0.0543868
  73 354.247 4887.47 810.131 0.054427
  74 359.247 4889 807.968 0.054444
  75 364.247 4886.1 808.896 0.0544117
  76 369.247 4888.01 808.81 0.054433
  77 374.247 4886.2 809.616 0.0544128
  78 379.247 4893.53 809.888 0.0544945
  79 384.247 4886.04 811.494 0.054411
  80 389.247 4880.81 810.96 0.0543528
  81 394.247 1997.5 809.044 0.0222442
30000 81 393216.00000000006
  1 -5.75296 4885.81 811.032 0.0544085
  2 -0.752961 4888.55 811.268 0.0544389
  3 4.24704 4891.72 810.635 0.0544743
  4 9.24704 4886.23 807.571 0.0544131
  5 14.247 4891.43 808.315 0.054471
  6 19.247 4888.21 808.07 0.0544352
  7 24.247 4890.5 809.572 0.0544607
  8 29.247 4889.8 807.786 0.0544529
  9 34.247 4895.03 804.573 0.0545111
  10 39.247 4886.4 805.893 0.0544151
  11 44.247 4888.9 805.198 0.0544428
  12 49.247 4885.04 807.709 0.0543999
  13 54.247 4884.44 807.653 0.0543932
  14 59.247 4883.43 806.989 0.0543819
  15 64.247 4895.14 808.08 0.0545124
  16 69.247 4892.16 808.668 0.0544792
  17 74.247 4894.88 806.439 0.0545094
  18 79.247 4882.85 805.885 0.0543755
  19 84.247 4892.86 808.014 0.054487
  20 89.247 4889.39 808.949 0.0544483
  21 94.247 4899.5 807.662 0.0545609
  22 99.247 4883.92 811.401 0.0543874
  23 104.247 4883.66 813.366 0.0543845
  24 109.247 4888.65 809.705 0.05444
  25 114.247 4884.11 807.471 0.0543895
  26 119.247 4899.25 806.489 0.0545581
  27 124.247 4895.6 805.889 0.0545175
  28 129.247 4878.7 807.187 0.0543292
  29 134.247 4892.98 807.28 0.0544883
  30 139.247 4890.05 807.159 0.0544557
  31 144.247 4887.73 806.17 0.0544299
  32 149.247 4893.72 807.028 0.0544966
  33 154.247 4893.99 808.154 0.0544995
  34 159.247 4882.73 810.224 0.0543742
  35 164.247 4885.11 812.587 0.0544007
  36 169.247 4883.9 810.24 0.0543872
  37 174.247 4898.32 810.668 0.0545477
  38 179.247 4876.24 811.285 0.0543019
  39 184.247 4934.22 811.246 0.0549476
  40 189.247 4863.99 809.991 0.0541655
  41 194.247 4929.65 809.49 0.0548967
  42 199.247 4906.24 810.645 0.054636
  43 204.247 4889.79 810.537 0.0544528
  44 209.247 4914.44 808.898 0.0547273
  45 214.247 4880.6 810.731 0.0543504
  46 219.247 4890.47 810.311 0.0544604
  47 224.247 4894.57 808.547 0.054506
  48 229.247 4884.41 809.517 0.0543929
  49 234.247 4887 811.645 0.0544217
  50 239.247 4887.12 807.624 0.054423
  51 244.247 4886.56 807.905 0.0544168
  52 249.247 4890.66 807.767 0.0544625
  53 254.247 4894.21 806.581 0.054502
  54 259.247 4892.32 806.407 0.0544809
  55 264.247 4887.9 806.501 0.0544317
  56 269.247 4881.79 809.173 0.0543636
  57 274.247 4890.37 807.888 0.0544592
  58 279.247 4890.25 806.467 0.0544579
  59 284.247 4889.17 806.001 0.0544459
  60 289.247 4897.05 807.768 0.0545336
  61 294.247 4893.21 807.643 0.0544909
  62 299.247 4889.56 806.897 0.0544502
  63 304.247 4892.46 806.569 0.0544825
  64 309.247 4892.99 806.905 0.0544884
  65 314.247 4885.66 806.145 0.0544068
  66 319.247 4885.35 806.884 0.0544033
  67 324.247 4888.35 809.251 0.0544367
  68 329.247 4891.48 807.523 0.0544716
  69 334.247 4885.5 807.695 0.054405
  70 339.247 4890.28 808.818 0.0544582
  71 344.247 4887.43 811.921 0.0544265
  72 349.247 4881.69 811.372 0.0543626
  73 354.247 4889.77 811.241 0.0544526
  74 359.247 4895.1 810.277 0.054512
  75 364.247 4885.87 808.895 0.0544091
  76 369.247 4886.38 808.772 0.0544148
  77 374.247 4888.64 806.619 0.0544399
  78 379.247 4898.18 809.716 0.0545462
  79 384.247 4885.13 811.864 0.0544009
  80 389.247 4889.13 812.206 0.0544454
  81 394.247 1990.14 811.925 0.0221622
35000 81 393215.99999999994
  1 -5.75296 4883.81 809.749 0.0543861
  2 -0.752961 4889.57 808.375 0.0544503
  3 4.24704 4890.58 808.651 0.0544616
  4 9.24704 4886.4 809.535 0.054415
  5 14.247 4890.57 810.346 0.0544615
  6 19.247 4879.62 809.985 0.0543396
  7 24.247 4893.28 811.018 0.0544916
  8 29.247 4889.95 810.437 0.0544546
  9 34.247 4887.98 811.005 0.0544326
  10 39.247 4884.86 807.691 0.0543978
  11 44.247 4884.8 810.145 0.0543972
  12 49.247 4892.48 808.994 0.0544828
  13 54.247 4891.97 808.037 0.054477
  14 59.247 4892.38 804.775 0.0544816
  15 64.247 4889.08 804.924 0.0544449
  16 69.247 4885.05 804.274 0.0543999
  17 74.247 4894.88 808.168 0.0545095
  18 79.247 4888.77 809.636 0.0544415
  19 84.247 4896.48 808.459 0.0545273
  20 89.247 4893.16 810.402 0.0544903
  21 94.247 4889.12 809.184 0.0544453
  22 99.247 4880.61 810.83 0.0543506
  23 104.247 4883.19 811.111 0.0543793
  24 109.247 4893.01 810.135 0.0544887
  25 114.247 4891.76 808.582 0.0544747
  26 119.247 4889.84 809.833 0.0544534
  27 124.247 4886.84 810.388 0.0544199
  28 129.247 4889.18 808.152 0.054446
  29 134.247 4882.63 810.374 0.0543731
  30 139.247 4887.58 808.446 0.0544281
  31 144.247 4889.49 804.187 0.0544494
  32 149.247 4897.03 804.648 0.0545334
  33 154.247 4895.71 804.334 0.0545187
  34 159.247 4888.07 808.481 0.0544336
  35 164.247 4888.8 808.967 0.0544417
  36 169.247 4884.91 810.034 0.0543984
  37 174.247 4894.65 808.005 0.0545069
  38 179.247 4875.42 809.779 0.0542927
  39 184.247 4929.88 809.601 0.0548993
  40 189.247 4873.2 809.769 0.054268
  41 194.247 4932.17 805.573 0.0549247
  42 199.247 4907 807.631 0.0546444
  43 204.247 4897.9 812.374 0.0545431
  44 209.247 4900.97 810.616 0.0545773
  45 214.247 4880.14 812.457 0.0543453
  46 219.247 4896.17 810.85 0.0545238
  47 224.247 4885.03 810.608 0.0543997
  48 229.247 4894.57 810.128 0.0545061
  49 234.247 4887.25 811.495 0.0544244
  50 239.247 4880.98 809.345 0.0543547
  51 244.247 4887.52 810.915 0.0544275
  52 249.247 4895.83 810.323 0.05452
  53 254.247 4894.29 810.482 0.0545029
  54 259.247 4880.87 807.867 0.0543534
  55 264.247 4889.98 808.239 0.0544549
  56 269.247 4889.1 808.071 0.0544451
  57 274.247 4891.85 806.95 0.0544757
  58 279.247 4883.49 807.204 0.0543826
  59 284.247 4891.94 808.288 0.0544768
  60 289.247 4890.61 807.706 0.054462
  61 294.247 4903.48 808.151 0.0546053
  62 299.247 4881.91 808.783 0.054365
  63 304.247 4887.86 807.491 0.0544313
  64 309.247 4895.7 802.581 0.0545186
  65 314.247 4887.75 805.21 0.0544301
  66 319.247 4898.78 805.315 0.0545529
  67 324.247 4883.67 808.267 0.0543847
  68 329.247 4885.49 806.136 0.0544049
  69 334.247 4900.73 807.496 0.0545746
  70 339.247 4894.2 810.588 0.0545018
  71 344.247 4890.79 810.683 0.054464
  72 349.247 4879.15 811.258 0.0543343
  73 354.247 4887.43 809.921 0.0544265
  74 359.247 4885.03 812.072 0.0543998
  75 364.247 4889.61 809.885 0.0544508
  76 369.247 4885.33 810.33 0.0544032
  77 374.247 4891.11 810.048 0.0544675
  78 379.247 4882.36 811.677 0.0543701
  79 384.247 4881.87 808.473 0.0543646
  80 389.247 4890.4 810.209 0.0544596
  81 394.247 1999.07 808.738 0.0222617
40000 81 393216
  1 -5.75296 4883.38 808.031 0.0543814
  2 -0.752961 4890.83 809.797 0.0544643
  3 4.24704 4891.45 811.8 0.0544713
  4 9.24704 4886.01 811.005 0.0544107
  5 14.247 4884.43 812.182 0.0543931
  6 19.247 4885.87 810.255 0.0544091
  7 24.247 4888.66 809.925 0.0544402
  8 29.247 4892.25 811.892 0.0544802
  9 34.247 4894.08 812.878 0.0545006
  10 39.247 4883.83 812.348 0.0543864
  11 44.247 4878.47 810.402 0.0543268
  12 49.247 4888.81 808.132 0.0544418
  13 54.247 4902.77 809.004 0.0545973
  14 59.247 4884.15 810.366 0.05439
  15 64.247 4884.83 810.192 0.0543976
  16 69.247 4893.82 806.951 0.0544977
  17 74.247 4893.36 808.718 0.0544925
  18 79.247 4886.18 809.332 0.0544126
  19 84.247 4885.56 809.619 0.0544057
  20 89.247 4894.34 809.774 0.0545034
  21 94.247 4886.4 810.82 0.054415
  22 99.247 4888.62 810.344 0.0544398
  23 104.247 4895.27 807.805 0.0545138
  24 109.247 4888.71 809.829 0.0544408
  25 114.247 4879.43 810.298 0.0543375
  26 119.247 4888.78 809.071 0.0544415
  27 124.247 4899.14 805.225 0.0545569
  28 129.247 4886.29 806.705 0.0544138
  29 134.247 4882.82 809.237 0.0543751
  30 139.247 4895.61 809.012 0.0545176
  31 144.247 4887.64 810.801 0.0544289
  32 149.247 4882.26 809.963 0.0543689
  33 154.247 4890.75 809.3 0.0544635
  34 159.247 4887.89 809.907 0.0544316
  35 164.247 4895.34 807.484 0.0545146
  36 169.247 4887.21 810.627 0.054424
  37 174.247 4889.26 811.216 0.0544469
  38 179.247 4882.57 811.167 0.0543724
  39 184.247 4913.76 809.543 0.0547197
  40 189.247 4900.82 808.701 0.0545756
  41 194.247 4924.03 808.665 0.0548341
  42 199.247 4896.12 811.309 0.0545233
  43 204.247 4910.42 812.487 0.0546826
  44 209.247 4904.35 810.25 0.0546149
  45 214.247 4889.57 809.475 0.0544503
  46 219.247 4886 812.301 0.0544105
  47 224.247 4892.35 807.121 0.0544812
  48 229.247 4887.25 808.002 0.0544245
  49 234.247 4888.47 809.892 0.0544381
  50 239.247 4891.77 810.891 0.0544749
  51 244.247 4887.52 811.256 0.0544275
  52 249.247 4885.57 813.299 0.0544058
  53 254.247 4891.62 811.045 0.0544731
  54 259.247 4883.98 812.024 0.0543881
  55 264.247 4885.72 810.581 0.0544074
  56 269.247 4885.02 810.836 0.0543997
  57 274.247 4890.76 808.072 0.0544636
  58 279.247 4895.92 808.256 0.054521
  59 284.247 4889.72 807.856 0.054452
  60 289.247 4889.52 807.515 0.0544497
  61 294.247 4891.91 809.226 0.0544764
  62 299.247 4894 807.527 0.0544997
  63 304.247 4893.53 809.091 0.0544944
  64 309.247 4876.14 804.474 0.0543008
  65 314.247 4892.26 803.967 0.0544802
  66 319.247 4893.4 803.66 0.0544929
  67 324.247 4889.37 804.492 0.0544481
  68 329.247 4895.54 806.122 0.0545168
  69 334.247 4891.84 809.273 0.0544756
  70 339.247 4883.7 808.258 0.054385
  71 344.247 4884.16 809.762 0.0543901
  72 349.247 4897.29 810.113 0.0545363
  73 354.247 4892.13 810.427 0.0544788
  74 359.247 4881.46 811.541 0.0543601
  75 364.247 4883.92 811.451 0.0543874
  76 369.247 4892.55 812.477 0.0544836
  77 374.247 4887.76 812.449 0.0544301
  78 379.247 4883.79 811.102 0.054386
  79 384.247 4883.12 808.657 0.0543785
  80 389.247 4888.38 806.951 0.0544371
  81 394.247 2002.42 806.332 0.022299
45000 81 393215.99999999977
  1 -5.75296 4889.97 807.527 0.0544548
  2 -0.752961 4894.98 806.803 0.0545105
  3 4.24704 4884.96 808.688 0.054399
  4 9.24704 4893.72 809.475 0.0544966
  5 14.247 4887.45 811.373 0.0544267
  6 19.247 4883.76 808.637 0.0543856
  7 24.247 4885.18 810.378 0.0544014
  8 29.247 4886.93 809.332 0.0544209
  9 34.247 4887.6 813.399 0.0544284
  10 39.247 4888.66 811.09 0.0544402
  11 44.247 4885.09 808.584 0.0544004
  12 49.247 4888.26 810.212 0.0544357
  13 54.247 4880.53 811.906 0.0543497
  14 59.247 4894.32 812.891 0.0545032
  15 64.247 4888.73 812.11 0.054441
  16 69.247 4885.64 808.789 0.0544065
  17 74.247 4892.37 808.556 0.0544815
  18 79.247 4885.77 806.853 0.0544081
  19 84.247 4892.86 810.414 0.0544869
  20 89.247 4896.62 807.24 0.0545288
  21 94.247 4887.57 807.116 0.054428
  22 99.247 4890.66 810.096 0.0544625
  23 104.247 4883.61 808.989 0.054384
  24 109.247 4895.89 809.372 0.0545208
  25 114.247 4884.43 810.04 0.0543931
  26 119.247 4886.05 807.929 0.0544111
  27 124.247 4897.92 806.38 0.0545434
  28 129.247 4891.32 810.443 0.0544698
  29 134.247 4883.84 809.372 0.0543865
  30 139.247 4880.64 811.474 0.0543509
  31 144.247 4889.95 809.632 0.0544545
  32 149.247 4887.98 809.437 0.0544326
  33 154.247 4888.94 810.771 0.0544433
  34 159.247 4885.81 810.996 0.0544085
  35 164.247 4891.54 808.525 0.0544723
  36 169.247 4893.71 807.837 0.0544964
  37 174.247 4881.95 811.517 0.0543655
  38 179.247 4891.07 809.276 0.054467
  39 184.247 4914.42 809.163 0.0547271
  40 189.247 4879.26 808.402 0.0543355
  41 194.247 4960.95 810.54 0.0552452
  42 199.247 4857.4 811.68 0.0540921
  43 204.247 4940.93 813.234 0.0550223
  44 209.247 4877.19 811.779 0.0543125
  45 214.247 4886.78 808.905 0.0544193
  46 219.247 4892.18 809.914 0.0544794
  47 224.247 4890.65 809.114 0.0544623
  48 229.247 4892.95 807.012 0.054488
  49 234.247 4891.05 808.155 0.0544668
  50 239.247 4898.51 809.576 0.0545498
  51 244.247 4879.2 810.374 0.0543348
  52 249.247 4887.1 810.151 0.0544228
  53 254.247 4895.31 811.806 0.0545142
  54 259.247 4884.85 811.551 0.0543978
  55 264.247 4878.92 811.733 0.0543317
  56 269.247 4890.18 809.224 0.0544572
  57 274.247 4896.69 807.429 0.0545296
  58 279.247 4888.08 809.354 0.0544337
  59 284.247 4884.52 808.222 0.054394
  60 289.247 4898.3 807.522 0.0545475
  61 294.247 4897.15 807.874 0.0545348
  62 299.247 4891.17 806.818 0.0544682
  63 304.247 4894.6 807.529 0.0545064
  64 309.247 4884.37 808.106 0.0543924
  65 314.247 4889.61 805.951 0.0544507
  66 319.247 4900.09 806.511 0.0545675
  67 324.247 4891.63 803.582 0.0544733
  68 329.247 4892.19 807.293 0.0544795
  69 334.247 4883.94 807.672 0.0543877
  70 339.247 4885.15 808.351 0.0544012
  71 344.247 4889.51 810.605 0.0544497
  72 349.247 4888.1 810.478 0.054434
  73 354.247 4886.95 809.652 0.0544211
  74 359.247 4885.58 806.714 0.0544058
  75 364.247 4896.29 813.067 0.0545252
  76 369.247 4880.49 808.197 0.0543492
  77 374.247 4889.3 809.597 0.0544473
  78 379.247 4886.73 812.419 0.0544187
  79 384.247 4888.18 810.245 0.0544349
  80 389.247 4886.54 808.11 0.0544166
  81 394.247 1996.73 809.952 0.0222356
50000 81 393216.0000000001
  1 -5.75296 4883.53 809.549 0.0543831
  2 -0.752961 4892.81 810.203 0.0544865
  3 4.24704 4888.59 808.563 0.0544394
  4 9.24704 4882.6 808.633 0.0543728
  5 14.247 4891.58 808.869 0.0544727
  6 19.247 4887.57 809.413 0.0544281
  7 24.247 4891.76 809.388 0.0544747
  8 29.247 4884.27 808.236 0.0543913
  9 34.247 4884.04 811.1 0.0543887
  10 39.247 4887.32 810.833 0.0544253
  11 44.247 4883.25 812.866 0.05438
  12 49.247 4882.46 812.598 0.0543711
  13 54.247 4891.44 811.425 0.0544711
  14 59.247 4894.92 810.605 0.0545099
  15 64.247 4884.69 812.016 0.054396
  16 69.247 4882.69 807.965 0.0543738
  17 74.247 4886.53 810.383 0.0544165
  18 79.247 4889.35 808.723 0.0544478
  19 84.247 4890.82 808.561 0.0544642
  20 89.247 4902.16 809.416 0.0545905
  21 94.247 4884.96 807.722 0.0543989
  22 99.247 4886.69 805.498 0.0544182
  23 104.247 4895.9 806.548 0.0545208
  24 109.247 4894.06 809.569 0.0545004
  25 114.247 4879.79 808.528 0.0543414
  26 119.247 4891.47 804.907 0.0544715
  27 124.247 4898.62 804.292 0.0545512
  28 129.247 4886.04 807.963 0.054411
  29 134.247 4889.97 809.747 0.0544548
  30 139.247 4885.13 809.275 0.0544009
  31 144.247 4892.89 808.274 0.0544873
  32 149.247 4897.57 807.826 0.0545394
  33 154.247 4883.63 808.009 0.0543842
  34 159.247 4884.32 807.786 0.0543919
  35 164.247 4888.22 812.135 0.0544352
  36 169.247 4894.81 814.923 0.0545087
  37 174.247 4870.73 812.603 0.0542405
  38 179.247 4926.68 813.894 0.0548636
  39 184.247 4866.27 814.432 0.0541908
  40 189.247 4930.56 813.38 0.0549067
  41 194.247 4907.3 810.142 0.0546477
  42 199.247 4874.27 811.911 0.0542799
  43 204.247 4947.08 811.121 0.0550908
  44 209.247 4865.31 808.513 0.0541802
  45 214.247 4909.58 808.774 0.0546731
  46 219.247 4882.04 812.178 0.0543664
  47 224.247 4880.6 812.903 0.0543504
  48 229.247 4893.08 808.468 0.0544895
  49 234.247 4892.39 813.105 0.0544818
  50 239.247 4883.37 811.001 0.0543813
  51 244.247 4891.74 809.704 0.0544745
  52 249.247 4889.27 807.699 0.0544469
  53 254.247 4893.15 809.501 0.0544901
  54 259.247 4888.11 810.102 0.0544341
  55 264.247 4889.11 811.301 0.0544452
  56 269.247 4891.72 808.233 0.0544743
  57 274.247 4889.82 808.845 0.0544532
  58 279.247 4885.06 808.348 0.0544001
  59 284.247 4891.94 808.328 0.0544767
  60 289.247 4892.94 808.182 0.0544879
  61 294.247 4895.5 808.539 0.0545164
  62 299.247 4894.41 809.01 0.0545042
  63 304.247 4889.44 810.726 0.0544489
  64 309.247 4880.62 808.574 0.0543507
  65 314.247 4892.33 805.444 0.054481
  66 319.247 4894.35 806.573 0.0545035
  67 324.247 4889.83 809.658 0.0544532
  68 329.247 4893.27 805.451 0.0544915
  69 334.247 4883.43 807.873 0.0543819
  70 339.247 4884.26 809.202 0.0543912
  71 344.247 4898.07 808.807 0.054545
  72 349.247 4895.56 809.624 0.0545171
  73 354.247 4887.07 811.029 0.0544224
  74 359.247 4881.8 815.54 0.0543638
  75 364.247 4888.91 813.938 0.0544429
  76 369.247 4881.93 812.804 0.0543652
  77 374.247 4888.93 810.079 0.0544432
  78 379.247 4896.97 808.855 0.0545327
  79 384.247 4890.55 809.962 0.0544612
  80 389.247 4880.67 809.238 0.0543512
  81 394.247 1999.59 810.263 0.0222674
55000 81 393215.9999999998
  1 -5.75296 4891.35 809.629 0.0544702
  2 -0.752961 4894.2 808.797 0.0545019
  3 4.24704 4885.32 808.672 0.054403
  4 9.24704 4886.23 809.822 0.0544132
  5 14.247 4891.92 810.915 0.0544765
  6 19.247 4883.42 812.623 0.0543818
  7 24.247 4890.66 809.521 0.0544625
  8 29.247 4889.25 808.792 0.0544468
  9 34.247 4889.46 809.81 0.0544491
  10 39.247 4893.43 811.061 0.0544933
  11 44.247 4881.79 813.991 0.0543637
  12 49.247 4885.12 814.052 0.0544008
  13 54.247 4883.21 812.696 0.0543795
  14 59.247 4896.34 809.714 0.0545257
  15 64.247 4887 810.445 0.0544217
  16 69.247 4887.02 810.88 0.054422
  17 74.247 4885.54 808.146 0.0544055
  18 79.247 4883.53 809.428 0.054383
  19 84.247 4889.78 808.458 0.0544527
  20 89.247 4893.58 809.793 0.054495
  21 94.247 4897.61 809.05 0.0545399
  22 99.247 4877.82 809.503 0.0543195
  23 104.247 4890.38 805.787 0.0544594
  24 109.247 4898.67 809.013 0.0545517
  25 114.247 4889.03 808.408 0.0544443
  26 119.247 4885.55 807.946 0.0544056
  27 124.247 4887.53 812.593 0.0544276
  28 129.247 4881.99 811.944 0.0543659
  29 134.247 4892.25 813.841 0.0544802
  30 139.247 4884.76 812.98 0.0543968
  31 144.247 4888.95 811.735 0.0544434
  32 149.247 4891.87 807.8 0.0544759
  33 154.247 4891.18 808.58 0.0544683
  34 159.247 4884.73 808.226 0.0543965
  35 164.247 4892.69 814.832 0.0544851
  36 169.247 4893.37 811.502 0.0544926
  37 174.247 4867.44 812.97 0.0542039
  38 179.247 4946.44 809.315 0.0550836
  39 184.247 4858.44 810.225 0.0541036
  40 189.247 4940.08 809.524 0.0550129
  41 194.247 4897.55 809.436 0.0545392
  42 199.247 4875.44 813.32 0.054293
  43 204.247 4957.4 811.352 0.0552057
  44 209.247 4862.02 811.682 0.0541436
  45 214.247 4909.61 814.346 0.0546735
  46 219.247 4884.45 811.155 0.0543934
  47 224.247 4882.15 813.807 0.0543677
  48 229.247 4888.08 810.314 0.0544337
  49 234.247 4893.42 809.526 0.0544932
  50 239.247 4890.71 809.224 0.054463
  51 244.247 4884.76 808.211 0.0543968
  52 249.247 4886.13 807.547 0.054412
  53 254.247 4896.22 811.878 0.0545244
  54 259.247 4886.73 813.708 0.0544187
  55 264.247 4886.75 812.518 0.0544189
  56 269.247 4888.66 809.315 0.0544402
  57 274.247 4884.07 812.338 0.0543891
  58 279.247 4885.3 812.075 0.0544028
  59 284.247 4894.37 809.245 0.0545038
  60 289.247 4893.83 809.924 0.0544978
  61 294.247 4896.66 808.974 0.0545293
  62 299.247 4888.62 807.267 0.0544398
  63 304.247 4891.65 808.665 0.0544735
  64 309.247 4886.87 809.099 0.0544202
  65 314.247 4883.33 808.653 0.0543809
  66 319.247 4891.83 805.959 0.0544755
  67 324.247 4899.89 805.133 0.0545652
  68 329.247 4887.65 805.073 0.054429
  69 334.247 4889.76 807.025 0.0544525
  70 339.247 4892.33 806.512 0.054481
  71 344.247 4885.24 808.136 0.0544021
  72 349.247 4884.89 810.864 0.0543982
  73 354.247 4890.76 809.977 0.0544636
  74 359.247 4888.89 813.093 0.0544428
  75 364.247 4884 810.456 0.0543883
  76 369.247 4884.02 813.236 0.0543885
  77 374.247 4896.84 813.734 0.0545313
  78 379.247 4885.75 811.689 0.0544078
  79 384.247 4884.44 810.562 0.0543932
  80 389.247 4891.63 810.57 0.0544733
  81 394.247 1994.33 807.843 0.0222089
60000 81 393215.9999999999
  1 -5.75296 4887.36 810.193 0.0544258
  2 -0.752961 4889.94 807.936 0.0544544
  3 4.24704 4889.83 809.193 0.0544532
  4 9.24704 4885.13 807.47 0.0544009
  5 14.247 4885.03 807.762 0.0543997
  6 19.247 4885.72 809.299 0.0544075
  7 24.247 4891.09 810.497 0.0544673
  8 29.247 4891.46 811.495 0.0544714
  9 34.247 4884.05 812.207 0.0543889
  10 39.247 4885.12 809.483 0.0544007
  11 44.247 4883.17 811.506 0.054379
  12 49.247 4885.39 808.128 0.0544038
  13 54.247 4884.2 809.644 0.0543905
  14 59.247 4893.89 810.464 0.0544985
  15 64.247 4894.24 809.607 0.0545024
  16 69.247 4886.67 808.999 0.054418
  17 74.247 4889.5 808.381 0.0544495
  18 79.247 4883.95 808.737 0.0543878
  19 84.247 4891.01 810.549 0.0544664
  20 89.247 4888.7 810.03 0.0544406
  21 94.247 4890.89 809.502 0.054465
  22 99.247 4890.68 807.95 0.0544627
  23 104.247 4893.17 809.45 0.0544905
  24 109.247 4886.44 811.354 0.0544155
  25 114.247 4888.49 810.103 0.0544383
  26 119.247 4886.02 812.324 0.0544107
  27 124.247 4884.81 811.333 0.0543973
  28 129.247 4893.82 810.575 0.0544976
  29 134.247 4892.93 809.062 0.0544877
  30 139.247 4882.96 809.509 0.0543767
  31 144.247 4885.65 807.467 0.0544067
  32 149.247 4893.61 808.085 0.0544953
  33 154.247 4885.89 805.777 0.0544093
  34 159.247 4890.61 807.13 0.0544619
  35 164.247 4896.85 809.864 0.0545314
  36 169.247 4883.95 809.507 0.0543878
  37 174.247 4880.37 806.917 0.0543478
  38 179.247 4945.59 807.161 0.0550742
  39 184.247 4842.63 809.482 0.0539276
  40 189.247 4981.58 807.399 0.0554749
  41 194.247 4852.64 811.037 0.0540391
  42 199.247 4944.1 814.999 0.0550575
  43 204.247 4902.15 813.7 0.0545904
  44 209.247 4879.26 810.792 0.0543355
  45 214.247 4912.12 814.259 0.0547014
  46 219.247 4876.43 815.276 0.054304
  47 224.247 4892.34 812.435 0.0544812
  48 229.247 4880.19 815.846 0.0543459
  49 234.247 4889.35 812.99 0.0544478
  50 239.247 4887.64 809.293 0.0544289
  51 244.247 4893.32 808.594 0.0544921
  52 249.247 4892.28 807.642 0.0544806
  53 254.247 4879.02 810.999 0.0543329
  54 259.247 4887.57 811.631 0.0544281
  55 264.247 4884.38 811.284 0.0543925
  56 269.247 4890.2 812.179 0.0544573
  57 274.247 4891.87 811.137 0.0544759
  58 279.247 4885.21 811.793 0.0544018
  59 284.247 4888.25 809.032 0.0544356
  60 289.247 4888.42 809.439 0.0544375
  61 294.247 4887.46 809.147 0.0544268
  62 299.247 4889.7 806.756 0.0544518
  63 304.247 4896.7 805.519 0.0545297
  64 309.247 4885.56 805.042 0.0544057
  65 314.247 4892.52 808.334 0.0544832
  66 319.247 4892.39 808.986 0.0544817
  67 324.247 4890.77 807.557 0.0544636
  68 329.247 4888.68 807.396 0.0544404
  69 334.247 4893.01 808.174 0.0544886
  70 339.247 4889.68 807.427 0.0544515
  71 344.247 4879.08 808.779 0.0543335
  72 349.247 4891.52 809.322 0.0544721
  73 354.247 4885.46 811.875 0.0544045
  74 359.247 4883.22 811.988 0.0543797
  75 364.247 4894.84 810.572 0.054509
  76 369.247 4887.59 809.669 0.0544283
  77 374.247 4888.34 810.731 0.0544367
  78 379.247 4888.03 805.735 0.0544332
  79 384.247 4886.72 806.6 0.0544186
  80 389.247 4895.58 806.692 0.0545173
  81 394.247 2000.02 807.461 0.0222723
65000 81 393216.00000000006
  1 -5.75296 4884.46 810.292 0.0543934
  2 -0.752961 4897.88 809.087 0.0545429
  3 4.24704 4882.6 807.124 0.0543727
  4 9.24704 4894.55 807.782 0.0545057
  5 14.247 4888.05 808.281 0.0544334
  6 19.247 4886.17 810.126 0.0544124
  7 24.247 4895.37 807.7 0.0545149
  8 29.247 4885.7 807.355 0.0544072
  9 34.247 4892.67 811.627 0.0544848
  10 39.247 4886.14 811.064 0.0544121
  11 44.247 4875.86 810.511 0.0542976
  12 49.247 4892.31 809.686 0.0544808
  13 54.247 4891.62 807.416 0.0544732
  14 59.247 4888.5 808.035 0.0544384
  15 64.247 4888.87 810.807 0.0544426
  16 69.247 4893.15 805.926 0.0544902
  17 74.247 4884.75 806.3 0.0543967
  18 79.247 4891.07 806.713 0.054467
  19 84.247 4895.48 808.933 0.0545161
  20 89.247 4883.67 809.393 0.0543846
  21 94.247 4904.33 807.227 0.0546147
  22 99.247 4888.49 809.24 0.0544383
  23 104.247 4886.74 808.563 0.0544188
  24 109.247 4887.81 809.143 0.0544307
  25 114.247 4891.43 810.266 0.054471
  26 119.247 4889.19 811.193 0.0544461
  27 124.247 4888.98 809.761 0.0544437
  28 129.247 4886.1 807.162 0.0544117
  29 134.247 4889.82 805.013 0.0544531
  30 139.247 4889.07 809.617 0.0544447
  31 144.247 4882.42 810.775 0.0543707
  32 149.247 4891.7 808.452 0.054474
  33 154.247 4895.59 806.846 0.0545173
  34 159.247 4886.98 805.247 0.0544215
  35 164.247 4889.79 805.945 0.0544528
  36 169.247 4883.09 807.618 0.0543782
  37 174.247 4906.25 808.809 0.054636
  38 179.247 4899.23 808.73 0.0545579
  39 184.247 4882.97 808.487 0.0543769
  40 189.247 4962.37 807.222 0.055261
  41 194.247 4849.78 811.073 0.0540072
  42 199.247 4962.25 810.941 0.0552597
  43 204.247 4878.11 810.471 0.0543227
  44 209.247 4913.51 812.777 0.0547169
  45 214.247 4890.24 813.24 0.0544578
  46 219.247 4879.75 814.933 0.054341
  47 224.247 4885.33 816.027 0.0544031
  48 229.247 4882.19 817.294 0.0543682
  49 234.247 4888.83 813.343 0.054442
  50 239.247 4886.85 813.826 0.05442
  51 244.247 4888.54 814.947 0.0544388
  52 249.247 4884.84 813.252 0.0543977
  53 254.247 4887.53 811.046 0.0544276
  54 259.247 4886.28 809.616 0.0544137
  55 264.247 4888.36 807.778 0.0544369
  56 269.247 4889.91 805.989 0.0544542
  57 274.247 4892.22 807.19 0.0544798
  58 279.247 4885.88 809.075 0.0544092
  59 284.247 4882.65 806.092 0.0543732
  60 289.247 4893.89 807.778 0.0544984
  61 294.247 4898.85 808.844 0.0545536
  62 299.247 4885.9 810.254 0.0544094
  63 304.247 4874.79 811.868 0.0542858
  64 309.247 4897.76 809.912 0.0545415
  65 314.247 4887.33 810.354 0.0544254
  66 319.247 4883.37 810.012 0.0543813
  67 324.247 4890.25 808.86 0.0544579
  68 329.247 4889.74 806.316 0.0544522
  69 334.247 4891.87 809.512 0.054476
  70 339.247 4886.51 811.564 0.0544163
  71 344.247 4890.98 809.723 0.0544661
  72 349.247 4885.5 810.73 0.054405
  73 354.247 4887.32 812.493 0.0544253
  74 359.247 4882.62 811.684 0.0543729
  75 364.247 4891.66 810.672 0.0544736
  76 369.247 4880.9 812.273 0.0543538
  77 374.247 4887.24 811.585 0.0544243
  78 379.247 4892.74 810.635 0.0544856
  79 384.247 4886.69 812.447 0.0544183
  80 389.247 4890.8 811.196 0.054464
  81 394.247 1995.1 809.351 0.0222174
