# Chunk-averaged data for fix tz and group all
# Timestep Number-of-chunks Total-count
# Chunk Coord1 Ncount temp density/number
25000 81 393215.99999999994
  1 -5.93678 4873.67 828.185 0.0541741
  2 -0.936776 4883.77 826.896 0.0542864
  3 4.06322 4881.48 826.901 0.0542609
  4 9.06322 4886.03 825.728 0.0543116
  5 14.0632 4892.22 827.641 0.0543804
  6 19.0632 4885.74 824.858 0.0543083
  7 24.0632 4887.04 821.629 0.0543227
  8 29.0632 4894.09 819.309 0.0544011
  9 34.0632 4895.56 817.494 0.0544175
  10 39.0632 4890.37 817.971 0.0543598
  11 44.0632 4898.41 819.335 0.0544491
  12 49.0632 4890.43 816.391 0.0543605
  13 54.0632 4886.84 813.914 0.0543205
  14 59.0632 4890.63 812.485 0.0543627
  15 64.0632 4901.1 812.38 0.0544791
  16 69.0632 4900.73 808.685 0.0544749
  17 74.0632 4895.02 806.014 0.0544115
  18 79.0632 4895.39 805.997 0.0544156
  19 84.0632 4896.65 803.128 0.0544295
  20 89.0632 4899.11 803.59 0.0544569
  21 94.0632 4910.99 805.83 0.054589
  22 99.0632 4900.8 802.886 0.0544757
  23 104.063 4894.79 805.357 0.0544089
  24 109.063 4899.53 806.699 0.0544616
  25 114.063 4898.22 810.465 0.054447
  26 119.063 4899.17 813.576 0.0544576
  27 124.063 4891.6 816.584 0.0543735
  28 129.063 4884.73 820.212 0.0542971
  29 134.063 4891.23 820.48 0.0543694
  30 139.063 4892.38 820.096 0.0543822
  31 144.063 4891.98 821.357 0.0543777
  32 149.063 4879.91 821.06 0.0542435
  33 154.063 4884.41 821.18 0.0542935
  34 159.063 4895.48 822.402 0.0544166
  35 164.063 4883.17 824.132 0.0542798
  36 169.063 4884.87 823.316 0.0542986
  37 174.063 4898.75 823.83 0.0544529
  38 179.063 4886.4 826.273 0.0543156
  39 184.063 4874.43 826.259 0.0541825
  40 189.063 4963.32 827.148 0.0551706
  41 194.063 4839.02 824.572 0.053789
  42 199.063 4975.22 824.83 0.0553029
  43 204.063 4846.16 828.298 0.0538684
  44 209.063 4918.57 827.218 0.0546732
  45 214.063 4871.99 835.058 0.0541554
  46 219.063 4883.54 833.713 0.0542839
  47 224.063 4883.36 836.478 0.0542818
  48 229.063 4876.87 835.026 0.0542097
  49 234.063 4872.39 837.642 0.0541599
  50 239.063 4878.73 836.171 0.0542304
  51 244.063 4882.15 839.075 0.0542684
  52 249.063 4879.94 839.512 0.0542439
  53 254.063 4869.11 840.171 0.0541235
  54 259.063 4868.36 843.356 0.0541151
  55 264.063 4870.31 844.036 0.0541368
  56 269.063 4876.47 845.145 0.0542053
  57 274.063 4872.43 847.239 0.0541604
  58 279.063 4865.94 845.281 0.0540883
  59 284.063 4865.14 851.318 0.0540793
  60 289.063 4879.77 853.905 0.054242
  61 294.063 4875.93 854.309 0.0541992
  62 299.063 4875.5 853.317 0.0541945
  63 304.063 4865.03 851.167 0.0540781
  64 309.063 4863.04 847.336 0.054056
  65 314.063 4875.78 844.296 0.0541976
  66 319.063 4873.69 843.081 0.0541744
  67 324.063 4870.73 840.648 0.0541414
  68 329.063 4878.48 836.199 0.0542276
  69 334.063 4884.54 835.26 0.0542949
  70 339.063 4885.5 834.857 0.0543057
  71 344.063 4878.13 834.742 0.0542237
  72 349.063 4877.4 835.737 0.0542156
  73 354.063 4874.61 837.595 0.0541846
  74 359.063 4889.35 835.857 0.0543484
  75 364.063 4871.95 836.285 0.054155
  76 369.063 4876.1 834.978 0.0542012
  77 374.063 4877.78 836.042 0.0542199
  78 379.063 4884.58 831.988 0.0542955
  79 384.063 4888.07 830.375 0.0543342
  80 389.063 4889.74 831.4 0.0543528
  81 394.063 2354.16 830.764 0.0261681
30000 81 393215.9999999998
  1 -5.93678 4881.81 826.776 0.0542647
  2 -0.936776 4887.88 826.951 0.0543321
  3 4.06322 4885.64 826.767 0.0543072
  4 9.06322 4879.66 825.484 0.0542408
  5 14.0632 4892.88 825.39 0.0543876
  6 19.0632 4889.84 826.525 0.0543538
  7 24.0632 4886.42 823.409 0.0543159
  8 29.0632 4886.66 818.509 0.0543185
  9 34.0632 4892.95 815.088 0.0543885
  10 39.0632 4895.81 814.189 0.0544202
  11 44.0632 4895.24 818.626 0.0544139
  12 49.0632 4889.4 818.215 0.054349
  13 54.0632 4900.45 814.942 0.0544719
  14 59.0632 4891.57 812.303 0.0543731
  15 64.0632 4888.71 810.83 0.0543413
  16 69.0632 4896.84 810.507 0.0544317
  17 74.0632 4901.22 806.479 0.0544803
  18 79.0632 4897.31 805.027 0.0544369
  19 84.0632 4901.8 804.678 0.0544869
  20 89.0632 4896.47 805.262 0.0544276
  21 94.0632 4896.48 804.044 0.0544277
  22 99.0632 4902.68 803.643 0.0544966
  23 104.063 4900.43 805.293 0.0544716
  24 109.063 4905.24 806.46 0.0545251
  25 114.063 4901.93 807.526 0.0544883
  26 119.063 4890.78 812.385 0.0543644
  27 124.063 4891.8 814.291 0.0543757
  28 129.063 4889.52 816.441 0.0543503
  29 134.063 4893.81 817.432 0.0543981
  30 139.063 4893.83 819.16 0.0543983
  31 144.063 4878.43 819.601 0.0542271
  32 149.063 4895.08 820.411 0.0544121
  33 154.063 4884.98 819.074 0.0542998
  34 159.063 4896.27 819.692 0.0544253
  35 164.063 4890.27 820.325 0.0543587
  36 169.063 4884.24 822.294 0.0542917
  37 174.063 4881.58 827.048 0.0542621
  38 179.063 4908.45 827.662 0.0545607
  39 184.063 4869.36 826.832 0.0541262
  40 189.063 4937.46 825.7 0.0548832
  41 194.063 4883.28 826.787 0.054281
  42 199.063 4920.12 824.75 0.0546904
  43 204.063 4891.66 825.985 0.0543741
  44 209.063 4883 832.407 0.0542779
  45 214.063 4902.84 831.732 0.0544983
  46 219.063 4873.9 832.998 0.0541767
  47 224.063 4882.73 835.707 0.0542748
  48 229.063 4881.24 836.247 0.0542583
  49 234.063 4879.52 838.803 0.0542391
  50 239.063 4879.32 840.771 0.0542369
  51 244.063 4874.31 839.82 0.0541813
  52 249.063 4872.62 841.781 0.0541625
  53 254.063 4866.57 843.421 0.0540953
  54 259.063 4879.34 843.196 0.0542371
  55 264.063 4874.59 848.216 0.0541844
  56 269.063 4871.87 849.231 0.0541542
  57 274.063 4871.66 849.297 0.0541518
  58 279.063 4867.89 850.013 0.0541099
  59 284.063 4866.51 850.908 0.0540945
  60 289.063 4874.4 853.077 0.0541822
  61 294.063 4874.57 852.18 0.0541841
  62 299.063 4876.64 851.988 0.0542071
  63 304.063 4870.5 852.954 0.0541389
  64 309.063 4866.18 849.932 0.0540909
  65 314.063 4868.22 847.76 0.0541136
  66 319.063 4874.26 846.471 0.0541807
  67 324.063 4879.76 844.078 0.0542419
  68 329.063 4878.6 842.527 0.0542289
  69 334.063 4872.72 840.029 0.0541636
  70 339.063 4873.15 841.057 0.0541684
  71 344.063 4870.74 839.298 0.0541416
  72 349.063 4879.17 839.236 0.0542353
  73 354.063 4882.29 835.029 0.05427
  74 359.063 4879.05 832.268 0.054234
  75 364.063 4881.34 833.628 0.0542594
  76 369.063 4884.52 832.687 0.0542948
  77 374.063 4877.99 834.801 0.0542222
  78 379.063 4877.33 834.617 0.0542148
  79 384.063 4883.33 834.882 0.0542816
  80 389.063 4883.66 834.139 0.0542852
  81 394.063 2353.39 831.641 0.0261595
35000 81 393216
  1 -5.93678 4887.45 831.359 0.0543273
  2 -0.936776 4887.2 827.971 0.0543245
  3 4.06322 4887.66 827.025 0.0543296
  4 9.06322 4888.42 825.645 0.0543381
  5 14.0632 4881.15 826.457 0.0542573
  6 19.0632 4881.81 827.274 0.0542647
  7 24.0632 4887.38 823.114 0.0543265
  8 29.0632 4891.29 820.608 0.05437
  9 34.0632 4899.39 816.74 0.05446
  10 39.0632 4893.04 815.648 0.0543895
  11 44.0632 4893.22 813.434 0.0543915
  12 49.0632 4890.63 815.565 0.0543626
  13 54.0632 4893.88 814.586 0.0543988
  14 59.0632 4898.94 813.913 0.054455
  15 64.0632 4899.46 810.309 0.0544608
  16 69.0632 4895.81 812.018 0.0544202
  17 74.0632 4897.51 809.338 0.0544391
  18 79.0632 4899.09 809.804 0.0544567
  19 84.0632 4894.2 806.752 0.0544023
  20 89.0632 4904.06 805.86 0.054512
  21 94.0632 4893.12 805.443 0.0543903
  22 99.0632 4897.41 805.866 0.0544381
  23 104.063 4903.43 806.768 0.054505
  24 109.063 4898.43 808.443 0.0544494
  25 114.063 4903.04 808.207 0.0545006
  26 119.063 4891.96 810.805 0.0543775
  27 124.063 4896.53 810.325 0.0544282
  28 129.063 4898.68 810.272 0.0544521
  29 134.063 4893.52 811.647 0.0543948
  30 139.063 4898.74 811.905 0.0544528
  31 144.063 4892.67 817.79 0.0543854
  32 149.063 4889.76 818.498 0.054353
  33 154.063 4888.17 820.916 0.0543353
  34 159.063 4882.8 822.482 0.0542757
  35 164.063 4893 821.21 0.054389
  36 169.063 4888.61 821.675 0.0543402
  37 174.063 4893.49 820.922 0.0543945
  38 179.063 4892.13 824.366 0.0543794
  39 184.063 4896.4 828.819 0.0544268
  40 189.063 4905.52 827.316 0.0545282
  41 194.063 4898.92 825.751 0.0544549
  42 199.063 4915.98 827.459 0.0546444
  43 204.063 4881.23 830.039 0.0542582
  44 209.063 4906.37 833.059 0.0545376
  45 214.063 4868.78 836.705 0.0541198
  46 219.063 4884.79 835.347 0.0542978
  47 224.063 4877.69 832.314 0.0542188
  48 229.063 4883.61 831.918 0.0542846
  49 234.063 4878.18 836.983 0.0542243
  50 239.063 4881.63 840.217 0.0542627
  51 244.063 4879.73 843.164 0.0542415
  52 249.063 4870.55 842.162 0.0541395
  53 254.063 4870.84 844.64 0.0541427
  54 259.063 4875.83 843.139 0.0541981
  55 264.063 4875.41 848.385 0.0541935
  56 269.063 4864.03 853.313 0.054067
  57 274.063 4866.34 852.372 0.0540927
  58 279.063 4866.36 852.633 0.0540929
  59 284.063 4871.57 853.668 0.0541508
  60 289.063 4873.19 854.929 0.0541688
  61 294.063 4869.69 850.972 0.0541299
  62 299.063 4870.69 850.377 0.054141
  63 304.063 4872.96 848.545 0.0541663
  64 309.063 4869.28 846.931 0.0541253
  65 314.063 4871 847.344 0.0541444
  66 319.063 4869.63 848.671 0.0541292
  67 324.063 4871.19 845.92 0.0541466
  68 329.063 4872.92 841.004 0.0541658
  69 334.063 4878.91 842.175 0.0542324
  70 339.063 4871.79 839.874 0.0541533
  71 344.063 4879.47 837.736 0.0542386
  72 349.063 4877.25 835.88 0.054214
  73 354.063 4881.81 837.278 0.0542646
  74 359.063 4883.56 837.436 0.0542841
  75 364.063 4878.18 834.9 0.0542243
  76 369.063 4879.97 835.023 0.0542442
  77 374.063 4879.71 832.762 0.0542413
  78 379.063 4881.33 830.278 0.0542593
  79 384.063 4888.26 831.981 0.0543364
  80 389.063 4876.31 834.474 0.0542034
  81 394.063 2352.06 833.928 0.0261447
40000 81 393216.0000000001
  1 -5.93678 4882.82 830.064 0.0542759
  2 -0.936776 4882.05 830.293 0.0542673
  3 4.06322 4888.12 826.627 0.0543347
  4 9.06322 4892.08 820.937 0.0543788
  5 14.0632 4889.24 821.209 0.0543473
  6 19.0632 4883.74 819.979 0.0542861
  7 24.0632 4890.4 819.481 0.0543601
  8 29.0632 4897.33 817.158 0.0544371
  9 34.0632 4895.7 817.392 0.054419
  10 39.0632 4895.02 817.58 0.0544115
  11 44.0632 4895 816.939 0.0544113
  12 49.0632 4888.21 814.312 0.0543358
  13 54.0632 4892.33 813.793 0.0543816
  14 59.0632 4894.06 814.943 0.0544008
  15 64.0632 4901.32 813.742 0.0544815
  16 69.0632 4892.55 811.16 0.054384
  17 74.0632 4899.31 807.968 0.0544592
  18 79.0632 4906.89 804.782 0.0545435
  19 84.0632 4901.23 801.961 0.0544805
  20 89.0632 4901.5 805.275 0.0544835
  21 94.0632 4897.7 806.708 0.0544413
  22 99.0632 4901.42 806.83 0.0544826
  23 104.063 4898.02 810.392 0.0544448
  24 109.063 4900.82 811.423 0.054476
  25 114.063 4897.93 808.519 0.0544438
  26 119.063 4898.24 808.678 0.0544473
  27 124.063 4897.29 813.296 0.0544367
  28 129.063 4889.64 812.546 0.0543516
  29 134.063 4895.46 811.783 0.0544163
  30 139.063 4895.13 814.69 0.0544127
  31 144.063 4898.52 817.122 0.0544504
  32 149.063 4891.49 815.601 0.0543722
  33 154.063 4894.58 814.254 0.0544066
  34 159.063 4895.11 817.246 0.0544125
  35 164.063 4886.79 820.322 0.05432
  36 169.063 4891.59 820.817 0.0543733
  37 174.063 4895.32 821.611 0.0544148
  38 179.063 4877.48 823.333 0.0542165
  39 184.063 4917.44 827.414 0.0546607
  40 189.063 4886.44 825.468 0.0543161
  41 194.063 4907.27 827.011 0.0545477
  42 199.063 4903.72 825.389 0.0545081
  43 204.063 4894.29 826.238 0.0544033
  44 209.063 4898.26 826.495 0.0544475
  45 214.063 4873.83 830.852 0.054176
  46 219.063 4882.72 832.788 0.0542748
  47 224.063 4879.34 834.835 0.0542371
  48 229.063 4879.47 837.414 0.0542387
  49 234.063 4874.57 839.171 0.0541842
  50 239.063 4874.28 840.752 0.0541809
  51 244.063 4878.67 842.925 0.0542297
  52 249.063 4877.47 842.566 0.0542164
  53 254.063 4862.71 845.634 0.0540523
  54 259.063 4879.02 847.204 0.0542336
  55 264.063 4872.94 849.169 0.0541661
  56 269.063 4866.98 855.111 0.0540998
  57 274.063 4868.13 857.219 0.0541125
  58 279.063 4864.29 855.243 0.0540699
  59 284.063 4862.77 855.026 0.054053
  60 289.063 4868.57 852.928 0.0541175
  61 294.063 4874.15 851.452 0.0541795
  62 299.063 4868.53 852.94 0.054117
  63 304.063 4869.67 850.497 0.0541297
  64 309.063 4870.81 848.216 0.0541423
  65 314.063 4877.39 844.276 0.0542155
  66 319.063 4874.04 843.935 0.0541782
  67 324.063 4873.27 843.283 0.0541697
  68 329.063 4873.8 841.314 0.0541756
  69 334.063 4867.99 840.02 0.0541111
  70 339.063 4879.64 844.863 0.0542405
  71 344.063 4877.55 844.311 0.0542173
  72 349.063 4876.72 840.741 0.054208
  73 354.063 4872.59 837.937 0.0541621
  74 359.063 4884.1 838.113 0.0542901
  75 364.063 4868.2 841.579 0.0541133
  76 369.063 4873.37 838.552 0.0541708
  77 374.063 4887.58 832.891 0.0543287
  78 379.063 4883.7 829.612 0.0542856
  79 384.063 4890.24 829.891 0.0543584
  80 389.063 4875.2 828.531 0.0541911
  81 394.063 2352.81 826.757 0.0261531
45000 81 393216.0000000001
  1 -5.93678 4881.5 831.892 0.0542612
  2 -0.936776 4883.37 829.506 0.054282
  3 4.06322 4885.17 826.704 0.054302
  4 9.06322 4890.76 821.429 0.0543641
  5 14.0632 4892.89 820.958 0.0543878
  6 19.0632 4888.9 821.911 0.0543435
  7 24.0632 4886.24 821.103 0.0543139
  8 29.0632 4896.93 820.071 0.0544327
  9 34.0632 4891.38 817.546 0.054371
  10 39.0632 4895.81 815.172 0.0544202
  11 44.0632 4889.69 814.448 0.0543522
  12 49.0632 4891.1 812.32 0.0543679
  13 54.0632 4897.82 810.793 0.0544425
  14 59.0632 4896.31 809.258 0.0544258
  15 64.0632 4907.7 806.488 0.0545525
  16 69.0632 4896.42 805.545 0.054427
  17 74.0632 4895.64 806.88 0.0544184
  18 79.0632 4898.53 805.339 0.0544505
  19 84.0632 4898.39 804.246 0.0544489
  20 89.0632 4908.94 804.632 0.0545662
  21 94.0632 4899.37 805.915 0.0544598
  22 99.0632 4905.07 807.273 0.0545232
  23 104.063 4905.04 808.403 0.0545228
  24 109.063 4892.25 808.941 0.0543807
  25 114.063 4895.91 812.415 0.0544214
  26 119.063 4890.05 811.914 0.0543563
  27 124.063 4898.77 811.718 0.0544531
  28 129.063 4895.97 817.007 0.0544221
  29 134.063 4892.67 814.651 0.0543854
  30 139.063 4885.83 815.76 0.0543093
  31 144.063 4895.26 817.092 0.0544141
  32 149.063 4896.5 817.263 0.054428
  33 154.063 4892.12 816.998 0.0543793
  34 159.063 4889.51 819.683 0.0543503
  35 164.063 4891.59 818.051 0.0543734
  36 169.063 4886.14 818.411 0.0543127
  37 174.063 4903.23 820.049 0.0545028
  38 179.063 4879.45 820.408 0.0542384
  39 184.063 4908.29 821.747 0.054559
  40 189.063 4900.23 824.073 0.0544694
  41 194.063 4898.64 825.854 0.0544517
  42 199.063 4906.22 827.786 0.054536
  43 204.063 4874.23 828.965 0.0541804
  44 209.063 4904.65 829.49 0.0545185
  45 214.063 4877.43 829.269 0.054216
  46 219.063 4887.66 833.207 0.0543296
  47 224.063 4872.72 834.975 0.0541636
  48 229.063 4882.7 835.336 0.0542745
  49 234.063 4888.74 836.413 0.0543417
  50 239.063 4870.38 840.91 0.0541376
  51 244.063 4873.46 840.776 0.0541718
  52 249.063 4875.04 846.968 0.0541894
  53 254.063 4869.21 848.24 0.0541246
  54 259.063 4867.39 852.95 0.0541043
  55 264.063 4868.82 853.87 0.0541203
  56 269.063 4864.69 854.871 0.0540743
  57 274.063 4864.31 852.674 0.0540701
  58 279.063 4872.68 850.67 0.0541631
  59 284.063 4876.61 851.257 0.0542068
  60 289.063 4873.26 850.571 0.0541695
  61 294.063 4864.12 849.789 0.054068
  62 299.063 4877.29 850.655 0.0542143
  63 304.063 4866.67 848.659 0.0540963
  64 309.063 4871.34 845.811 0.0541482
  65 314.063 4879.68 844.831 0.0542409
  66 319.063 4861.57 845.637 0.0540396
  67 324.063 4882.3 846.9 0.0542701
  68 329.063 4866.41 847.633 0.0540934
  69 334.063 4875.47 847.093 0.0541941
  70 339.063 4878.68 845.174 0.0542298
  71 344.063 4869.89 840.674 0.0541321
  72 349.063 4880.55 839.575 0.0542506
  73 354.063 4879 839.749 0.0542334
  74 359.063 4879.19 837.659 0.0542355
  75 364.063 4878.53 835.465 0.0542282
  76 369.063 4874.47 835.69 0.054183
  77 374.063 4876.82 834.319 0.0542091
  78 379.063 4881.12 831.042 0.054257
  79 384.063 4878.33 831.767 0.0542259
  80 389.063 4890.71 830.033 0.0543636
  81 394.063 2358.26 831.75 0.0262137
50000 81 393216
  1 -5.93678 4883.56 826.879 0.0542841
  2 -0.936776 4886.63 824.868 0.0543182
  3 4.06322 4883.32 821.869 0.0542814
  4 9.06322 4886.07 822.831 0.054312
  5 14.0632 4887.77 824.29 0.0543309
  6 19.0632 4887.06 823.979 0.054323
  7 24.0632 4889.68 826.521 0.0543521
  8 29.0632 4888.27 823.946 0.0543365
  9 34.0632 4893.47 818.147 0.0543943
  10 39.0632 4895.71 813.709 0.0544191
  11 44.0632 4889.88 811.165 0.0543544
  12 49.0632 4896.84 811.559 0.0544317
  13 54.0632 4896.69 811.499 0.0544301
  14 59.0632 4891.73 811.147 0.0543749
  15 64.0632 4900.54 805.457 0.0544729
  16 69.0632 4900.53 805.216 0.0544728
  17 74.0632 4901.17 805.456 0.0544798
  18 79.0632 4898.64 808.558 0.0544517
  19 84.0632 4897.02 806.118 0.0544337
  20 89.0632 4899.7 804.268 0.0544635
  21 94.0632 4911.16 803.593 0.0545909
  22 99.0632 4900.52 806.793 0.0544726
  23 104.063 4899.47 806.653 0.0544609
  24 109.063 4897.76 810.241 0.054442
  25 114.063 4899 810.045 0.0544557
  26 119.063 4894.15 810.903 0.0544018
  27 124.063 4894.54 808.13 0.0544061
  28 129.063 4894.31 809.715 0.0544036
  29 134.063 4892.67 816.902 0.0543853
  30 139.063 4894.35 818.918 0.054404
  31 144.063 4894.87 817.416 0.0544098
  32 149.063 4889.5 817.666 0.0543502
  33 154.063 4890.74 816.022 0.0543639
  34 159.063 4893.84 817.668 0.0543983
  35 164.063 4889.25 818.416 0.0543474
  36 169.063 4896.09 819.661 0.0544234
  37 174.063 4900.47 819.855 0.0544721
  38 179.063 4877.4 823.013 0.0542156
  39 184.063 4899.28 822.695 0.0544588
  40 189.063 4905.47 823.016 0.0545276
  41 194.063 4887.49 825.377 0.0543277
  42 199.063 4918.22 822.988 0.0546693
  43 204.063 4872.59 824.532 0.0541622
  44 209.063 4899.27 825.001 0.0544587
  45 214.063 4884.42 828.551 0.0542936
  46 219.063 4884.05 829.39 0.0542895
  47 224.063 4882.65 829.557 0.0542739
  48 229.063 4884.88 834.057 0.0542987
  49 234.063 4879.18 839.383 0.0542354
  50 239.063 4876.45 842.568 0.054205
  51 244.063 4873.16 847.154 0.0541685
  52 249.063 4871.5 848.368 0.05415
  53 254.063 4870.08 850.241 0.0541342
  54 259.063 4876.69 851.08 0.0542077
  55 264.063 4862.19 853.214 0.0540465
  56 269.063 4870.63 850.571 0.0541404
  57 274.063 4875.79 849.661 0.0541977
  58 279.063 4871.82 850.293 0.0541536
  59 284.063 4869.87 852.825 0.0541319
  60 289.063 4872.84 851.387 0.0541649
  61 294.063 4876.17 853.463 0.0542019
  62 299.063 4870.25 852.338 0.0541361
  63 304.063 4870.25 851.55 0.0541361
  64 309.063 4864.36 851.953 0.0540707
  65 314.063 4864.57 851.292 0.0540729
  66 319.063 4870.5 849.991 0.0541389
  67 324.063 4876.25 848.108 0.0542028
  68 329.063 4874.48 845.17 0.0541831
  69 334.063 4864.81 844.136 0.0540757
  70 339.063 4873.52 844.604 0.0541725
  71 344.063 4878.06 845.162 0.0542229
  72 349.063 4878.06 842.031 0.054223
  73 354.063 4884.61 836.216 0.0542957
  74 359.063 4874.57 835.849 0.0541841
  75 364.063 4874.76 836.482 0.0541862
  76 369.063 4871.77 834.745 0.0541531
  77 374.063 4889.45 832.197 0.0543496
  78 379.063 4881.81 833.627 0.0542646
  79 384.063 4888.74 831.495 0.0543417
  80 389.063 4884.51 829.272 0.0542946
  81 394.063 2351.6 828.748 0.0261396
55000 81 393216.0000000001
  1 -5.93678 4878.32 828.604 0.0542258
  2 -0.936776 4888.42 827.389 0.0543381
  3 4.06322 4882.66 828.004 0.054274
  4 9.06322 4882.09 829.165 0.0542677
  5 14.0632 4891.58 826.072 0.0543732
  6 19.0632 4888.46 820.967 0.0543385
  7 24.0632 4894.77 817.41 0.0544087
  8 29.0632 4886.43 815.127 0.054316
  9 34.0632 4901.02 814.854 0.0544782
  10 39.0632 4897.16 813.642 0.0544352
  11 44.0632 4892.23 814.721 0.0543804
  12 49.0632 4893.19 813.558 0.0543911
  13 54.0632 4897.1 809.967 0.0544346
  14 59.0632 4901.23 806.166 0.0544804
  15 64.0632 4902.63 808.267 0.0544961
  16 69.0632 4895.27 805.138 0.0544142
  17 74.0632 4893.95 803.708 0.0543996
  18 79.0632 4901.31 805.433 0.0544813
  19 84.0632 4903.08 802.209 0.0545011
  20 89.0632 4903.14 805.669 0.0545018
  21 94.0632 4909.71 803.419 0.0545747
  22 99.0632 4897.64 805.275 0.0544406
  23 104.063 4893.29 805.058 0.0543922
  24 109.063 4895.75 804.943 0.0544196
  25 114.063 4897.51 806.163 0.0544391
  26 119.063 4898.12 810.601 0.054446
  27 124.063 4894.37 810.094 0.0544042
  28 129.063 4902.83 809.266 0.0544983
  29 134.063 4890.53 811.273 0.0543616
  30 139.063 4891.97 813.615 0.0543776
  31 144.063 4894.43 817.459 0.0544049
  32 149.063 4888.54 822.722 0.0543394
  33 154.063 4888.02 820.575 0.0543337
  34 159.063 4889.64 820.39 0.0543517
  35 164.063 4895.57 820.578 0.0544176
  36 169.063 4892.08 820.804 0.0543788
  37 174.063 4886.19 823.171 0.0543133
  38 179.063 4904.76 823.318 0.0545197
  39 184.063 4870.53 821.034 0.0541393
  40 189.063 4935.07 820.22 0.0548566
  41 194.063 4867.53 821.961 0.0541059
  42 199.063 4913.65 824.38 0.0546186
  43 204.063 4886.47 823.573 0.0543165
  44 209.063 4883.76 829.109 0.0542863
  45 214.063 4884.38 833.801 0.0542931
  46 219.063 4884.16 830.866 0.0542907
  47 224.063 4883.98 830.929 0.0542887
  48 229.063 4882.82 834.178 0.0542759
  49 234.063 4876.58 836.531 0.0542065
  50 239.063 4877.91 839.98 0.0542213
  51 244.063 4873.23 842.873 0.0541693
  52 249.063 4871.64 844.47 0.0541515
  53 254.063 4876.94 847.227 0.0542105
  54 259.063 4872.48 847.345 0.0541609
  55 264.063 4868.54 847.429 0.0541171
  56 269.063 4870.41 848.85 0.0541379
  57 274.063 4870.25 848.827 0.0541361
  58 279.063 4870.36 850.477 0.0541374
  59 284.063 4871.22 851.199 0.054147
  60 289.063 4868.18 852.768 0.0541131
  61 294.063 4871.46 852.327 0.0541495
  62 299.063 4870.71 849.933 0.0541413
  63 304.063 4870.69 853.939 0.0541411
  64 309.063 4865.14 852.694 0.0540794
  65 314.063 4872.1 847.613 0.0541567
  66 319.063 4874.29 845.154 0.054181
  67 324.063 4874.43 846.183 0.0541826
  68 329.063 4872.33 845.297 0.0541593
  69 334.063 4870.12 844.433 0.0541347
  70 339.063 4878.35 842.128 0.0542262
  71 344.063 4873.48 842.89 0.0541721
  72 349.063 4872.44 843.683 0.0541604
  73 354.063 4872.7 841.238 0.0541634
  74 359.063 4884.06 836.891 0.0542897
  75 364.063 4876.62 836.536 0.0542069
  76 369.063 4882 833.853 0.0542667
  77 374.063 4881.42 832.203 0.0542602
  78 379.063 4884.48 829.755 0.0542943
  79 384.063 4892.47 830.495 0.0543832
  80 389.063 4880.83 829.752 0.0542538
  81 394.063 2350.8 828.868 0.0261307
60000 81 393216.0000000001
  1 -5.93678 4889.81 823.112 0.0543536
  2 -0.936776 4884.35 826.08 0.0542928
  3 4.06322 4883.35 827.909 0.0542818
  4 9.06322 4887.05 826.594 0.0543229
  5 14.0632 4890.31 824.983 0.0543591
  6 19.0632 4888.57 821.784 0.0543397
  7 24.0632 4886.69 821.525 0.0543189
  8 29.0632 4888.23 821.367 0.054336
  9 34.0632 4886.85 819.733 0.0543207
  10 39.0632 4890.77 815.274 0.0543642
  11 44.0632 4897.41 815.459 0.0544381
  12 49.0632 4895.69 813.279 0.0544189
  13 54.0632 4898.05 811.184 0.0544451
  14 59.0632 4890.89 806.037 0.0543656
  15 64.0632 4903.08 804.236 0.054501
  16 69.0632 4905.14 805.293 0.054524
  17 74.0632 4904.97 803.291 0.054522
  18 79.0632 4900.56 800.768 0.0544731
  19 84.0632 4903.65 800.598 0.0545074
  20 89.0632 4909.94 804.132 0.0545774
  21 94.0632 4899.34 804.862 0.0544595
  22 99.0632 4894.89 804.402 0.05441
  23 104.063 4911.59 805.223 0.0545957
  24 109.063 4902.46 809.444 0.0544942
  25 114.063 4888.01 811.481 0.0543336
  26 119.063 4899.22 811.938 0.0544582
  27 124.063 4897.3 811.856 0.0544368
  28 129.063 4896.72 812.473 0.0544304
  29 134.063 4893.69 809.236 0.0543967
  30 139.063 4895.4 811.045 0.0544157
  31 144.063 4887.83 817.526 0.0543316
  32 149.063 4887.76 818.222 0.0543308
  33 154.063 4888.43 819.078 0.0543382
  34 159.063 4891.34 818.734 0.0543706
  35 164.063 4892.96 818.148 0.0543885
  36 169.063 4893.67 819.252 0.0543965
  37 174.063 4886.04 823.607 0.0543116
  38 179.063 4893.27 823.68 0.054392
  39 184.063 4886.05 823.147 0.0543118
  40 189.063 4910.38 823.695 0.0545822
  41 194.063 4886.06 823.638 0.0543118
  42 199.063 4914.02 822.57 0.0546226
  43 204.063 4881.2 825.531 0.0542578
  44 209.063 4883.09 829.13 0.0542788
  45 214.063 4885.59 830.705 0.0543066
  46 219.063 4880.35 830.526 0.0542484
  47 224.063 4880.87 829.94 0.0542542
  48 229.063 4881.8 834.242 0.0542645
  49 234.063 4872.4 837.388 0.0541601
  50 239.063 4879.99 838.874 0.0542444
  51 244.063 4873.02 843.379 0.0541669
  52 249.063 4876.49 845.771 0.0542055
  53 254.063 4870.67 841.741 0.0541408
  54 259.063 4876.88 845.916 0.0542098
  55 264.063 4863.46 847.582 0.0540607
  56 269.063 4878.52 849.124 0.0542281
  57 274.063 4868.29 849.594 0.0541143
  58 279.063 4864.03 851.367 0.054067
  59 284.063 4875.94 850.672 0.0541993
  60 289.063 4871.46 853.476 0.0541496
  61 294.063 4876.04 854.294 0.0542005
  62 299.063 4869.71 854.066 0.0541301
  63 304.063 4865.09 851.325 0.0540788
  64 309.063 4868.66 850.252 0.0541185
  65 314.063 4868.2 847.388 0.0541134
  66 319.063 4878.68 846.695 0.0542298
  67 324.063 4874.29 843.19 0.054181
  68 329.063 4876 844.075 0.0542001
  69 334.063 4873.47 845.33 0.0541719
  70 339.063 4861.27 847.294 0.0540363
  71 344.063 4871.1 844.805 0.0541455
  72 349.063 4879.29 841.896 0.0542366
  73 354.063 4877.03 838.774 0.0542115
  74 359.063 4874.03 836.469 0.0541781
  75 364.063 4873.02 836.789 0.0541669
  76 369.063 4889.27 832.337 0.0543476
  77 374.063 4883.85 831.876 0.0542873
  78 379.063 4881.53 833.151 0.0542615
  79 384.063 4886.94 829.126 0.0543217
  80 389.063 4883.5 826.296 0.0542834
  81 394.063 2359.19 825.738 0.026224
65000 81 393216
  1 -5.93678 4884.47 827.886 0.0542942
  2 -0.936776 4887.27 824.391 0.0543253
  3 4.06322 4887.82 820.854 0.0543314
  4 9.06322 4889.7 822.945 0.0543523
  5 14.0632 4882.92 824.491 0.054277
  6 19.0632 4886.05 824.197 0.0543117
  7 24.0632 4887.81 823.535 0.0543313
  8 29.0632 4896.65 819.903 0.0544296
  9 34.0632 4887.15 818.91 0.054324
  10 39.0632 4897.87 816.725 0.0544431
  11 44.0632 4889.45 812.817 0.0543496
  12 49.0632 4898.91 808.287 0.0544547
  13 54.0632 4893.93 809.201 0.0543993
  14 59.0632 4889.55 807.167 0.0543507
  15 64.0632 4904.02 806.543 0.0545116
  16 69.0632 4902.61 805.079 0.0544958
  17 74.0632 4904.25 802.717 0.0545141
  18 79.0632 4893 803.103 0.054389
  19 84.0632 4904.22 803.576 0.0545137
  20 89.0632 4902.53 803.247 0.0544949
  21 94.0632 4907.84 805.43 0.0545539
  22 99.0632 4904.75 804.061 0.0545196
  23 104.063 4896.29 804.752 0.0544256
  24 109.063 4889.33 808.361 0.0543482
  25 114.063 4903.65 809.28 0.0545073
  26 119.063 4895.69 812.559 0.0544189
  27 124.063 4898.08 813.843 0.0544455
  28 129.063 4896.37 814.976 0.0544264
  29 134.063 4889.98 815.78 0.0543555
  30 139.063 4894.07 816.087 0.0544009
  31 144.063 4899.88 815.899 0.0544655
  32 149.063 4894.68 814.857 0.0544077
  33 154.063 4886.25 816.118 0.054314
  34 159.063 4893.54 818.177 0.054395
  35 164.063 4894.17 820.198 0.054402
  36 169.063 4889.65 819.111 0.0543518
  37 174.063 4884.28 822.653 0.054292
  38 179.063 4888.47 822.642 0.0543387
  39 184.063 4887.51 823.219 0.0543279
  40 189.063 4893.86 823.854 0.0543986
  41 194.063 4894.07 823.392 0.0544009
  42 199.063 4899.89 822.265 0.0544656
  43 204.063 4886.2 825.724 0.0543135
  44 209.063 4885.08 828.721 0.0543009
  45 214.063 4880.28 830.664 0.0542476
  46 219.063 4881.95 833.599 0.0542662
  47 224.063 4886.69 836.018 0.0543189
  48 229.063 4884.42 836.42 0.0542936
  49 234.063 4870.28 837.781 0.0541364
  50 239.063 4878.02 842.156 0.0542225
  51 244.063 4877.23 839.109 0.0542137
  52 249.063 4878.38 841.074 0.0542265
  53 254.063 4874.48 844.383 0.0541831
  54 259.063 4870.83 845.704 0.0541426
  55 264.063 4871.91 847.036 0.0541546
  56 269.063 4874.06 850.308 0.0541785
  57 274.063 4872.54 851.242 0.0541615
  58 279.063 4864.54 852.942 0.0540727
  59 284.063 4865.22 853.3 0.0540802
  60 289.063 4884 853.44 0.0542889
  61 294.063 4871.08 852.433 0.0541453
  62 299.063 4864.35 853.492 0.0540705
  63 304.063 4866.83 853.017 0.0540981
  64 309.063 4873.63 850.456 0.0541737
  65 314.063 4871.46 844.714 0.0541495
  66 319.063 4869.77 842.468 0.0541307
  67 324.063 4875.77 841.365 0.0541975
  68 329.063 4881.78 842.615 0.0542643
  69 334.063 4877.85 844.679 0.0542206
  70 339.063 4863.55 846.396 0.0540617
  71 344.063 4873.88 844.708 0.0541765
  72 349.063 4881.75 842.812 0.0542639
  73 354.063 4873.15 841.055 0.0541683
  74 359.063 4877.7 838.967 0.0542189
  75 364.063 4883.5 836.879 0.0542834
  76 369.063 4883.44 830.194 0.0542828
  77 374.063 4882.66 832.128 0.0542741
  78 379.063 4880.3 830.159 0.0542478
  79 384.063 4880.65 829.173 0.0542517
  80 389.063 4887.28 827.988 0.0543255
  81 394.063 2357.09 829.021 0.0262007
