# Time-averaged data for fix avg
# TimeStep v_h v_v c_thermo_temp
11000 -3.26618 18.3841 818.148
12000 -3.26482 18.3934 817.166
13000 -3.26497 18.3967 820.2
14000 -3.2673 18.3604 809.882
15000 -3.26632 18.3768 822.111
16000 -3.26443 18.3812 821.755
17000 -3.26268 18.4053 820.053
18000 -3.26444 18.3658 816.481
19000 -3.2659 18.3825 820.255
20000 -3.26752 18.3669 814.99
21000 -3.26343 18.4064 821.526
22000 -3.26374 18.3916 818.207
23000 -3.26283 18.4045 821.924
24000 -3.26709 18.37 809.357
25000 -3.26225 18.4018 822.663
