# Time-averaged data for fix avg
# TimeStep v_h v_v c_thermo_temp
21000 -3.22234 18.6894 929.742
22000 -3.22143 18.7023 934.397
23000 -3.21796 18.6805 938.746
24000 -3.21916 18.6948 939.103
25000 -3.22191 18.6882 936.651
26000 -3.22112 18.6729 934.326
27000 -3.21931 18.6905 942.403
28000 -3.22126 18.6689 930.008
29000 -3.2214 18.7004 933.117
30000 -3.22131 18.6846 933.041
31000 -3.2208 18.7052 934.082
32000 -3.22044 18.6956 934.677
33000 -3.21743 18.6696 936.726
34000 -3.22023 18.6931 937.864
35000 -3.22583 18.6564 927.957
36000 -3.22047 18.6738 932.91
37000 -3.22445 18.6633 933.801
38000 -3.21921 18.6909 936.033
39000 -3.2179 18.7249 943.178
40000 -3.22057 18.7081 934.222
41000 -3.22034 18.6656 934.581
42000 -3.22023 18.7053 936.059
43000 -3.22239 18.682 934.684
44000 -3.21871 18.6803 934.348
45000 -3.2179 18.7067 939.593
46000 -3.22152 18.6748 934.292
47000 -3.22429 18.6993 927.791
48000 -3.22053 18.6712 931.806
49000 -3.22222 18.6412 932.103
50000 -3.22358 18.6976 939.157
51000 -3.22025 18.6926 935.979
52000 -3.21774 18.6719 937.975
53000 -3.22422 18.6635 932.46
54000 -3.22455 18.6654 935.203
55000 -3.21979 18.6902 938.222
56000 -3.22111 18.6607 929.122
57000 -3.22175 18.6768 939.423
58000 -3.22028 18.6973 933.744
59000 -3.2211 18.7077 936.048
60000 -3.21638 18.6985 941.248
61000 -3.21918 18.6979 941.881
62000 -3.22391 18.6492 934.73
63000 -3.22123 18.6885 934.951
64000 -3.22238 18.6724 931.275
65000 -3.21984 18.6961 939.13
66000 -3.2215 18.686 931.09
67000 -3.22215 18.6978 939.778
68000 -3.21939 18.6766 937.619
69000 -3.21795 18.6913 937.914
70000 -3.22029 18.6914 941.199
