# Time-averaged data for fix avg
# TimeStep v_h v_v c_thermo_temp
6000 -3.34882 17.3527 818.35
7000 -3.34632 17.3486 818.245
8000 -3.34739 17.3449 816.499
9000 -3.34822 17.3561 819.946
10000 -3.35037 17.3461 814.71
11000 -3.34724 17.3498 817.565
12000 -3.34828 17.3459 817.78
13000 -3.34747 17.3404 816.114
14000 -3.34707 17.3501 820.741
15000 -3.34471 17.3623 825.31
16000 -3.35014 17.3494 817.803
17000 -3.34869 17.3479 818.233
18000 -3.34525 17.3528 823.261
19000 -3.34662 17.3522 820.579
20000 -3.3489 17.3436 817.054
