# Time-averaged data for fix avg
# TimeStep v_h v_v c_thermo_temp
11000 -3.31345 17.5634 932.743
12000 -3.3136 17.5546 932.659
13000 -3.31142 17.5632 937.412
14000 -3.31033 17.5786 943.032
15000 -3.31036 17.5583 936.096
16000 -3.31048 17.5607 939.611
17000 -3.31131 17.551 933.286
18000 -3.31278 17.5564 934.732
19000 -3.31277 17.5537 931.714
20000 -3.31205 17.5715 940.469
21000 -3.31142 17.5623 935.323
22000 -3.3106 17.5755 941.884
23000 -3.31135 17.5583 934.949
24000 -3.31112 17.5671 937.009
25000 -3.31236 17.552 932.242
26000 -3.31138 17.5608 935.598
27000 -3.31131 17.5576 936.435
28000 -3.31271 17.5482 931.727
29000 -3.31266 17.5532 932.006
30000 -3.31249 17.5603 937.201
31000 -3.31182 17.5588 936.681
32000 -3.31151 17.5712 936.567
33000 -3.30978 17.5669 939.991
34000 -3.31142 17.5528 931.64
35000 -3.31411 17.544 930.13
36000 -3.3136 17.559 931.696
37000 -3.31175 17.551 933.242
38000 -3.31145 17.5553 933.268
39000 -3.31186 17.5726 940.301
40000 -3.31057 17.5612 936.998
41000 -3.31221 17.5583 934.811
42000 -3.31173 17.5632 937.345
43000 -3.31184 17.5639 936.199
44000 -3.31144 17.5514 934.736
45000 -3.3113 17.558 939.542
46000 -3.31301 17.5565 931.49
47000 -3.31185 17.5613 935.22
48000 -3.31191 17.5816 939.542
49000 -3.31157 17.556 933.11
50000 -3.31434 17.5408 924.922
51000 -3.31124 17.5646 937.274
52000 -3.31009 17.5722 939.811
53000 -3.31177 17.5533 934.196
54000 -3.31216 17.5626 935.31
55000 -3.31193 17.5604 933.821
56000 -3.31294 17.558 931.746
57000 -3.31185 17.5598 936.184
58000 -3.31111 17.5601 935.584
59000 -3.31178 17.5571 935.052
60000 -3.31208 17.5589 935.069
