# Time-averaged data for fix avg
# TimeStep v_h v_v c_thermo_temp
11000 -3.27195 18.355 797.027
12000 -3.27107 18.3407 800.034
13000 -3.27074 18.359 801.219
14000 -3.2739 18.3282 795.578
15000 -3.2701 18.3661 801.765
16000 -3.27374 18.3352 794.929
17000 -3.27583 18.3182 796.195
18000 -3.27292 18.3088 800.828
19000 -3.27433 18.3104 791.262
20000 -3.27459 18.3111 796.369
21000 -3.27103 18.3512 801.432
22000 -3.27102 18.3503 797.829
23000 -3.27455 18.3321 795.002
24000 -3.2745 18.3268 791.471
25000 -3.27149 18.3512 797.287
