# Time-averaged data for fix avg
# TimeStep v_h v_v c_thermo_temp
6000 -3.35375 17.3091 796.893
7000 -3.35316 17.3193 801.414
8000 -3.35279 17.3203 799.835
9000 -3.35459 17.3265 802.621
10000 -3.35149 17.3181 802.973
11000 -3.35201 17.3063 795.694
12000 -3.354 17.3266 803.302
13000 -3.35512 17.3128 796.045
14000 -3.35305 17.3131 796.846
15000 -3.35395 17.3225 801.381
16000 -3.3549 17.3004 790.339
17000 -3.35367 17.3083 795.872
18000 -3.35569 17.3145 797.141
19000 -3.35301 17.3157 800.293
20000 -3.35244 17.3313 804.936
