3 neighbor lists, 1 0
17500 924.06527 -427.60501 99.923584 0.74537037
18000 943.79015 -307.44927 99.783869 0.77025463
19000 929.7043 -1307.903 99.907854 0.77546296
20000 969.80538 2339.3667 99.074994 0.84490741
21000 975.91824 -401.42907 99.460729 0.83159722
22000 981.40245 -728.77948 99.49917 0.8443287
23000 985.09355 48.961868 99.328219 0.84230324
24000 985.5433 -1200.2239 99.506711 0.8521412
25000 982.0884 -605.18854 99.435868 0.85734954
26000 991.58999 -1018.3836 99.448279 0.8521412
27000 991.2743 -276.5378 99.381582 0.84924769
28000 1001.2394 267.9918 99.220485 0.86689815
29000 986.77444 -1176.1013 99.567382 0.84664352
30000 973.20014 1704.6051 99.137602 0.84085648
31000 970.87144 -354.15147 99.465936 0.83912037
32000 959.76375 502.5616 99.366411 0.8287037
33000 973.98761 558.36365 99.305133 0.83015046
34000 998.6594 -159.76964 99.312906 0.86516204
35000 967.44865 -683.32313 99.538974 0.83622685
36000 955.63717 452.47065 99.416919 0.8431713
37000 970.49387 1209.1225 99.234871 0.83622685
38000 977.26339 -1008.2017 99.546303 0.8359375
39000 974.80882 2569.4376 99.019803 0.85706019
40000 967.66957 50.233777 99.445563 0.85040509
41000 962.91184 -89.828833 99.481169 0.84635417
42000 1000.966 -259.03763 99.282883 0.85966435
43000 968.41909 -1445.1222 99.603981 0.84490741
44000 973.74771 666.52985 99.282766 0.84027778
45000 980.91089 329.19796 99.319244 0.84664352
46000 970.46924 -124.65256 99.387636 0.8509838
47000 986.95236 42.967035 99.340031 0.83854167
48000 977.46342 -813.98393 99.466109 0.85850694
49000 975.6413 401.32023 99.304495 0.84288194
50000 994.40922 312.54369 99.244984 0.84693287
51000 998.20306 -2384.8671 99.631108 0.85271991
52000 988.39657 -218.98243 99.363397 0.8599537
53000 972.8697 594.15353 99.282668 0.85532407
54000 1001.6282 -1265.0361 99.437773 0.8744213
55000 968.12493 -98.943042 99.40943 0.83796296
56000 966.51031 -338.39776 99.448465 0.85474537
57000 978.54239 -519.43959 99.393721 0.86979167
58000 977.06878 -1154.2691 99.542969 0.8515625
59000 982.63168 691.13188 99.222945 0.85561343
60000 985.65469 -438.83344 99.362147 0.85243056
61000 978.73321 -2021.3404 99.660101 0.84809028
62000 988.55363 1637.2485 99.044241 0.8677662
63000 978.67998 -67.998939 99.409369 0.84577546
64000 978.37843 478.92651 99.327285 0.84085648
65000 980.13597 -22.024201 99.359318 0.84548611
66000 976.73745 -826.00411 99.520618 0.84693287
67000 981.14445 1940.5162 99.128473 0.85329861
67500 987.58156 725.14576 99.228049 0.85185185
