3 neighbor lists, 1 0
17500 934.5764 -547.66022 101.60199 0.59837963
18000 941.59653 -612.43075 101.95875 0.57552083
19000 940.63454 -2171.3789 102.37155 0.57494213
20000 914.93914 -2113.3634 102.44843 0.55555556
21000 935.95956 901.55595 102.0025 0.55844907
22000 916.2477 -832.92313 102.47816 0.54774306
23000 938.91609 -1749.5457 102.56534 0.54600694
24000 941.672 -3702.0736 102.89029 0.53819444
25000 939.19594 -1313.8101 102.73326 0.53703704
26000 942.96118 -1073.4595 102.86299 0.5072338
27000 957.52694 -360.78214 102.66044 0.5150463
28000 936.86476 -541.26032 102.64661 0.50520833
29000 943.904 -1216.1249 103.10494 0.48813657
30000 956.62429 284.0212 102.76851 0.4771412
31000 959.93303 -2381.6766 103.47236 0.46238426
32000 937.86244 -1901.8983 103.4711 0.45891204
33000 948.3204 298.79865 103.25624 0.45457176
34000 965.29706 -1923.9454 103.74588 0.44820602
35000 955.51942 -2770.1073 103.73721 0.44762731
36000 967.88636 -322.60658 103.54058 0.44299769
37000 962.77516 -2068.5636 103.87856 0.43721065
38000 948.5944 -2689.3781 103.96221 0.43402778
39000 968.01135 -694.4794 103.62901 0.42621528
40000 949.60648 -1762.5449 103.92699 0.41984954
41000 958.91811 -1437.219 104.16175 0.421875
42000 945.78581 -2706.5027 104.17443 0.40451389
43000 973.70957 -1802.9384 104.17018 0.40075231
44000 965.55525 -1307.7522 104.11787 0.3755787
45000 972.00805 -1060.3035 104.29375 0.37065972
46000 968.77326 -340.34645 104.33774 0.36400463
47000 976.42369 -2270.0923 104.99816 0.34982639
48000 967.33201 -2316.4738 105.03105 0.33796296
49000 971.83474 -35.037622 104.83398 0.33130787
50000 973.5874 -1395.9638 105.26345 0.31278935
51000 973.4179 -2439.3526 105.49091 0.31423611
52000 971.65962 -683.99589 105.24652 0.2962963
53000 991.31192 -998.66398 105.41985 0.2962963
54000 984.69048 -2355.2643 105.65318 0.28472222
55000 981.1511 -1760.6613 105.65304 0.27170139
56000 990.06197 -769.3604 105.41851 0.26359954
57000 973.70109 -3123.9598 105.94076 0.25549769
58000 989.83466 -421.94896 105.45771 0.2505787
59000 970.2287 -779.26968 106.11915 0.22222222
60000 984.63902 -1350.2268 106.39653 0.21325231
61000 988.00945 -2178.5 106.55337 0.20515046
62000 1001.9249 -756.04428 106.21674 0.19878472
63000 980.53282 -2149.4293 106.60638 0.19415509
64000 1001.8462 -2183.0981 106.63042 0.19704861
65000 1002.1204 -564.30402 106.53005 0.1712963
66000 997.80681 -1748.5229 106.99612 0.15190972
67000 1002.0205 -1030.1605 107.16557 0.14293981
67500 997.79286 -1257.5921 107.07811 0.14872685
