# Chunk-averaged data for fix tz and group all
# Timestep Number-of-chunks Total-count
# Chunk Coord1 Ncount temp density/number
25000 81 393215.99999999994
  1 -6.10762 4884.19 850.146 0.054199
  2 -1.10762 4871.95 852.259 0.0540632
  3 3.89238 4879.25 850.444 0.0541442
  4 8.89238 4883.5 845.098 0.0541914
  5 13.8924 4884.63 843.155 0.0542039
  6 18.8924 4883.62 843.389 0.0541926
  7 23.8924 4889.25 843.775 0.0542551
  8 28.8924 4885.38 841.952 0.0542123
  9 33.8924 4880.83 839.36 0.0541617
  10 38.8924 4877.19 839.727 0.0541213
  11 43.8924 4879.7 841.285 0.0541491
  12 48.8924 4897.65 838.681 0.0543484
  13 53.8924 4886.9 837.674 0.054229
  14 58.8924 4891.77 833.244 0.0542831
  15 63.8924 4892.74 833.663 0.0542939
  16 68.8924 4891.9 835.086 0.0542845
  17 73.8924 4883.98 834.699 0.0541966
  18 78.8924 4891.4 830.697 0.054279
  19 83.8924 4901.65 826.152 0.0543928
  20 88.8924 4904.76 825.592 0.0544273
  21 93.8924 4895.48 823.342 0.0543243
  22 98.8924 4901.49 823.419 0.054391
  23 103.892 4893.56 825.293 0.054303
  24 108.892 4890.17 829.564 0.0542653
  25 113.892 4892.7 829.097 0.0542935
  26 118.892 4895.82 828.201 0.054328
  27 123.892 4895.95 834.138 0.0543295
  28 128.892 4885.06 838.5 0.0542087
  29 133.892 4884.29 838.56 0.0542001
  30 138.892 4886.93 834.385 0.0542294
  31 143.892 4887.44 834.184 0.0542351
  32 148.892 4891.36 833.242 0.0542786
  33 153.892 4890.16 836.998 0.0542653
  34 158.892 4882.85 836.805 0.0541841
  35 163.892 4884.89 839.041 0.0542068
  36 168.892 4885.25 838.031 0.0542108
  37 173.892 4903.95 837.381 0.0544183
  38 178.892 4884.91 839.546 0.054207
  39 183.892 4891.17 842.517 0.0542764
  40 188.892 4912.66 844.162 0.054515
  41 193.892 4868.23 843.059 0.0540219
  42 198.892 4934.73 845.882 0.0547598
  43 203.892 4866.61 843.989 0.0540039
  44 208.892 4894.85 845.897 0.0543173
  45 213.892 4884.96 848.65 0.0542076
  46 218.892 4882.4 850.281 0.0541791
  47 223.892 4873.37 852.147 0.0540789
  48 228.892 4880.12 853.906 0.0541538
  49 233.892 4871.54 856.515 0.0540587
  50 238.892 4874.11 858.609 0.0540872
  51 243.892 4861.83 859.249 0.0539509
  52 248.892 4872.87 861.01 0.0540734
  53 253.892 4876.65 862.24 0.0541153
  54 258.892 4871.94 862.699 0.054063
  55 263.892 4872.87 859.885 0.0540733
  56 268.892 4870.76 859.625 0.0540499
  57 273.892 4874.91 866.278 0.054096
  58 278.892 4865.62 867.265 0.0539929
  59 283.892 4865.77 870.56 0.0539946
  60 288.892 4861.48 873.763 0.053947
  61 293.892 4868.94 873.553 0.0540297
  62 298.892 4868.72 874.816 0.0540273
  63 303.892 4864.62 875.691 0.0539818
  64 308.892 4860.81 873.766 0.0539396
  65 313.892 4864.49 870.949 0.0539804
  66 318.892 4865.39 865.801 0.0539904
  67 323.892 4871.13 863.251 0.0540541
  68 328.892 4872.53 862.324 0.0540696
  69 333.892 4868.61 863.337 0.0540261
  70 338.892 4874.32 861.979 0.0540895
  71 343.892 4873.2 862.763 0.0540771
  72 348.892 4863.68 860.769 0.0539715
  73 353.892 4871.8 857.87 0.0540615
  74 358.892 4876.47 857.751 0.0541133
  75 363.892 4880.7 855.71 0.0541603
  76 368.892 4876.83 854.855 0.0541173
  77 373.892 4869.1 852.662 0.0540315
  78 378.892 4882.72 851.246 0.0541826
  79 383.892 4874.61 851.887 0.0540927
  80 388.892 4877.97 850.904 0.0541299
  81 393.892 2685.44 850.696 0.0297999
30000 81 393216.0000000001
  1 -6.10762 4878.74 853.017 0.0541386
  2 -1.10762 4871.88 853.145 0.0540624
  3 3.89238 4877.09 852.344 0.0541202
  4 8.89238 4881.14 845.65 0.0541652
  5 13.8924 4882.35 844.441 0.0541786
  6 18.8924 4882.9 842.93 0.0541847
  7 23.8924 4880 842.829 0.0541525
  8 28.8924 4890.35 842.673 0.0542673
  9 33.8924 4883.78 836.836 0.0541944
  10 38.8924 4885.9 836.855 0.054218
  11 43.8924 4894.01 835.385 0.054308
  12 48.8924 4884.09 834.635 0.0541979
  13 53.8924 4886.1 835.127 0.0542202
  14 58.8924 4890.16 833.358 0.0542653
  15 63.8924 4890.04 834.118 0.054264
  16 68.8924 4892.17 832.572 0.0542876
  17 73.8924 4893.11 829.392 0.054298
  18 78.8924 4887.82 828.902 0.0542393
  19 83.8924 4899.33 829.619 0.054367
  20 88.8924 4889.37 826.84 0.0542565
  21 93.8924 4903.03 825.426 0.054408
  22 98.8924 4894.85 824.575 0.0543173
  23 103.892 4897.44 825.676 0.0543461
  24 108.892 4890.42 829.797 0.0542682
  25 113.892 4894.47 829.904 0.054313
  26 118.892 4891.6 829.314 0.0542812
  27 123.892 4895.29 829.688 0.0543222
  28 128.892 4886.65 830.329 0.0542263
  29 133.892 4889.62 831.385 0.0542593
  30 138.892 4887.72 833.411 0.0542382
  31 143.892 4884.19 835.578 0.054199
  32 148.892 4892.52 836.137 0.0542915
  33 153.892 4890.57 835.674 0.0542698
  34 158.892 4893.57 835.568 0.0543031
  35 163.892 4882.69 836.116 0.0541824
  36 168.892 4884.57 836.406 0.0542033
  37 173.892 4893.76 838.218 0.0543052
  38 178.892 4883.1 842.063 0.0541869
  39 183.892 4915.16 843.096 0.0545427
  40 188.892 4874.45 844.763 0.0540909
  41 193.892 4896.34 845.955 0.0543338
  42 198.892 4906.12 846.869 0.0544423
  43 203.892 4883.95 845.021 0.0541963
  44 208.892 4893.02 845.571 0.054297
  45 213.892 4879.04 847.461 0.0541419
  46 218.892 4879.19 848.56 0.0541436
  47 223.892 4875.85 853.633 0.0541064
  48 228.892 4876.37 851.224 0.0541122
  49 233.892 4873.39 853.749 0.0540792
  50 238.892 4875.09 856.219 0.054098
  51 243.892 4873.32 858.55 0.0540784
  52 248.892 4878.5 859.573 0.0541358
  53 253.892 4871.86 861.551 0.0540622
  54 258.892 4871.25 862.595 0.0540554
  55 263.892 4871.13 860.87 0.054054
  56 268.892 4872.44 861.845 0.0540686
  57 273.892 4872.2 865.159 0.0540659
  58 278.892 4864.82 866.866 0.0539841
  59 283.892 4861.41 870.133 0.0539462
  60 288.892 4872.56 873.446 0.05407
  61 293.892 4873.93 872.914 0.0540851
  62 298.892 4867.65 875.058 0.0540155
  63 303.892 4864.48 870.704 0.0539803
  64 308.892 4860.51 867.579 0.0539362
  65 313.892 4862.88 866.098 0.0539625
  66 318.892 4879.57 866.195 0.0541478
  67 323.892 4866.41 864.238 0.0540017
  68 328.892 4868.58 862.243 0.0540257
  69 333.892 4863.71 863.275 0.0539717
  70 338.892 4881.92 857.726 0.0541739
  71 343.892 4868.53 862.092 0.0540252
  72 348.892 4869.17 862.244 0.0540323
  73 353.892 4875.68 864.527 0.0541046
  74 358.892 4875.55 862.436 0.0541031
  75 363.892 4868.5 860.275 0.0540249
  76 368.892 4874.01 856.992 0.054086
  77 373.892 4877.55 854.084 0.0541253
  78 378.892 4882.5 853.158 0.0541802
  79 383.892 4876 852.838 0.0541081
  80 388.892 4878.86 851.274 0.0541399
  81 393.892 2686.13 849.583 0.0298075
35000 81 393216.00000000006
  1 -6.10762 4879.24 855.556 0.0541441
  2 -1.10762 4878.71 853.637 0.0541381
  3 3.89238 4879.24 849.059 0.0541441
  4 8.89238 4877.49 847.385 0.0541247
  5 13.8924 4883.3 845.533 0.0541891
  6 18.8924 4882.04 840.543 0.0541752
  7 23.8924 4878.6 839.707 0.054137
  8 28.8924 4888.45 841.449 0.0542463
  9 33.8924 4889.15 837.791 0.054254
  10 38.8924 4892.51 833.365 0.0542913
  11 43.8924 4890.6 834.101 0.0542701
  12 48.8924 4890.09 832.05 0.0542644
  13 53.8924 4886.53 831.603 0.0542249
  14 58.8924 4896.82 829.42 0.0543392
  15 63.8924 4890.34 827.46 0.0542673
  16 68.8924 4888.21 828.008 0.0542436
  17 73.8924 4895.33 826.758 0.0543226
  18 78.8924 4902.47 827.312 0.0544019
  19 83.8924 4896.63 827.811 0.054337
  20 88.8924 4895.88 824.299 0.0543287
  21 93.8924 4900.98 824.239 0.0543853
  22 98.8924 4893.84 826.331 0.0543061
  23 103.892 4900.67 829.465 0.0543819
  24 108.892 4888.13 828.104 0.0542427
  25 113.892 4890.14 829.687 0.0542651
  26 118.892 4894.42 831.39 0.0543126
  27 123.892 4891.57 830.161 0.0542809
  28 128.892 4887.43 830.68 0.054235
  29 133.892 4890.38 830.166 0.0542677
  30 138.892 4882.77 835.126 0.0541832
  31 143.892 4889.26 834.754 0.0542553
  32 148.892 4896.84 835.425 0.0543394
  33 153.892 4889.38 835.846 0.0542566
  34 158.892 4889.57 835.749 0.0542587
  35 163.892 4887.95 837.403 0.0542407
  36 168.892 4880.98 839.245 0.0541634
  37 173.892 4882.74 839.912 0.0541829
  38 178.892 4895.41 840.833 0.0543235
  39 183.892 4894.39 840.895 0.0543122
  40 188.892 4893.99 839.939 0.0543078
  41 193.892 4895.05 840.786 0.0543195
  42 198.892 4900.12 841.83 0.0543758
  43 203.892 4885.31 846.144 0.0542114
  44 208.892 4877.09 843.684 0.0541202
  45 213.892 4882.45 845.076 0.0541797
  46 218.892 4885.27 846.466 0.0542109
  47 223.892 4874.25 853.434 0.0540887
  48 228.892 4875.58 851.847 0.0541034
  49 233.892 4877.24 853.809 0.0541219
  50 238.892 4871.46 853.587 0.0540578
  51 243.892 4872.76 857.834 0.0540722
  52 248.892 4876.88 858.501 0.0541179
  53 253.892 4873.95 858.554 0.0540853
  54 258.892 4869.9 860.999 0.0540405
  55 263.892 4871.14 863.165 0.0540542
  56 268.892 4877.28 862.571 0.0541224
  57 273.892 4874.33 863.822 0.0540896
  58 278.892 4861.48 867.141 0.053947
  59 283.892 4861.09 867.788 0.0539426
  60 288.892 4871.19 870.362 0.0540547
  61 293.892 4869.78 870.933 0.0540391
  62 298.892 4863.26 873.728 0.0539667
  63 303.892 4871.06 872.796 0.0540533
  64 308.892 4860.95 871.562 0.0539412
  65 313.892 4862.43 867.32 0.0539575
  66 318.892 4864.19 866.151 0.053977
  67 323.892 4865.89 866.312 0.0539959
  68 328.892 4872.28 865.815 0.0540668
  69 333.892 4865.7 863.564 0.0539939
  70 338.892 4873.87 859.988 0.0540844
  71 343.892 4871.04 859.987 0.0540531
  72 348.892 4872.38 857.943 0.054068
  73 353.892 4874.23 858.33 0.0540884
  74 358.892 4873.05 857.587 0.0540754
  75 363.892 4880.86 855.897 0.0541621
  76 368.892 4878.7 857.129 0.054138
  77 373.892 4861.77 856.382 0.0539502
  78 378.892 4874.6 851.817 0.0540926
  79 383.892 4878.97 852.726 0.0541411
  80 388.892 4878.29 854.325 0.0541335
  81 393.892 2686.41 854.504 0.0298106
40000 81 393216.00000000006
  1 -6.10762 4877.64 850.576 0.0541263
  2 -1.10762 4876.69 850.527 0.0541158
  3 3.89238 4885.54 848.219 0.054214
  4 8.89238 4886.37 845.181 0.0542232
  5 13.8924 4881.17 845.418 0.0541655
  6 18.8924 4882.48 844.335 0.05418
  7 23.8924 4884.46 843.738 0.054202
  8 28.8924 4885.4 840.346 0.0542124
  9 33.8924 4880.98 835.655 0.0541634
  10 38.8924 4902.25 834.836 0.0543994
  11 43.8924 4884.41 835.446 0.0542015
  12 48.8924 4889.94 833.375 0.0542628
  13 53.8924 4894.98 831.563 0.0543188
  14 58.8924 4892.95 829.515 0.0542962
  15 63.8924 4885.75 826.453 0.0542164
  16 68.8924 4894.49 829.033 0.0543133
  17 73.8924 4899.53 830.411 0.0543692
  18 78.8924 4887.07 828.825 0.054231
  19 83.8924 4896.82 825.906 0.0543391
  20 88.8924 4889.96 825.993 0.054263
  21 93.8924 4898.71 827.033 0.0543601
  22 98.8924 4900.87 828.294 0.0543841
  23 103.892 4896.25 826.892 0.0543329
  24 108.892 4892.16 826.53 0.0542875
  25 113.892 4889.76 829.956 0.0542608
  26 118.892 4897.24 829.742 0.0543438
  27 123.892 4893.73 830.831 0.0543049
  28 128.892 4894.15 829.776 0.0543096
  29 133.892 4891.92 831.592 0.0542848
  30 138.892 4898.06 834.891 0.054353
  31 143.892 4887.15 834.886 0.0542319
  32 148.892 4889.72 839.45 0.0542604
  33 153.892 4889.18 838.497 0.0542543
  34 158.892 4888.57 839.195 0.0542476
  35 163.892 4882.36 837.87 0.0541787
  36 168.892 4884.93 837.742 0.0542072
  37 173.892 4891.2 838.25 0.0542768
  38 178.892 4883 837.365 0.0541858
  39 183.892 4894.24 835.924 0.0543106
  40 188.892 4890.54 838.811 0.0542695
  41 193.892 4895.41 838.685 0.0543236
  42 198.892 4890.1 836.592 0.0542646
  43 203.892 4883.69 841.637 0.0541935
  44 208.892 4883.77 847.225 0.0541944
  45 213.892 4883.66 850.702 0.0541931
  46 218.892 4882.86 849.623 0.0541842
  47 223.892 4870.36 851.393 0.0540455
  48 228.892 4875.65 853.453 0.0541042
  49 233.892 4883.72 851.54 0.0541938
  50 238.892 4874.12 852.132 0.0540872
  51 243.892 4877.49 853.03 0.0541247
  52 248.892 4877.04 856.482 0.0541197
  53 253.892 4875.63 858.458 0.054104
  54 258.892 4865.29 863.094 0.0539892
  55 263.892 4874.06 866.047 0.0540866
  56 268.892 4866.77 866.102 0.0540057
  57 273.892 4863.01 870.15 0.0539639
  58 278.892 4866.22 872.936 0.0539996
  59 283.892 4862.36 874.563 0.0539568
  60 288.892 4861.81 872.853 0.0539507
  61 293.892 4880.53 872.011 0.0541584
  62 298.892 4859.21 875.093 0.0539218
  63 303.892 4874.98 871.392 0.0540968
  64 308.892 4859.52 870.627 0.0539253
  65 313.892 4860.19 868.558 0.0539327
  66 318.892 4871.24 867.349 0.0540553
  67 323.892 4867.19 868.204 0.0540104
  68 328.892 4869.59 867.112 0.0540369
  69 333.892 4869.62 867.207 0.0540373
  70 338.892 4870.45 862.366 0.0540466
  71 343.892 4872.99 859.153 0.0540747
  72 348.892 4870.81 859.695 0.0540505
  73 353.892 4870.32 860.173 0.0540451
  74 358.892 4879.16 861.263 0.0541432
  75 363.892 4869.77 858.847 0.054039
  76 368.892 4873.51 855.812 0.0540805
  77 373.892 4879.52 853.87 0.0541471
  78 378.892 4880.76 855.572 0.0541609
  79 383.892 4874.46 854.974 0.054091
  80 388.892 4874.39 852.687 0.0540903
  81 393.892 2682.16 849.467 0.0297634
45000 81 393215.99999999994
  1 -6.10762 4872.93 846.729 0.0540741
  2 -1.10762 4877.01 847.828 0.0541194
  3 3.89238 4884.37 848.265 0.054201
  4 8.89238 4878.55 845.402 0.0541365
  5 13.8924 4888.12 845.923 0.0542426
  6 18.8924 4885.07 846.434 0.0542087
  7 23.8924 4884.11 844.004 0.0541982
  8 28.8924 4882.96 840.69 0.0541853
  9 33.8924 4887.67 838.4 0.0542377
  10 38.8924 4886.42 834.952 0.0542238
  11 43.8924 4889.78 833.996 0.054261
  12 48.8924 4890.93 836.878 0.0542738
  13 53.8924 4884.41 835.183 0.0542014
  14 58.8924 4890.67 835.206 0.0542709
  15 63.8924 4891.72 829.772 0.0542826
  16 68.8924 4895.5 828.758 0.0543245
  17 73.8924 4894.19 827.965 0.0543099
  18 78.8924 4895.36 827.022 0.0543229
  19 83.8924 4891.94 828.046 0.054285
  20 88.8924 4893.11 825.207 0.0542979
  21 93.8924 4903.11 825.07 0.054409
  22 98.8924 4897.37 824.963 0.0543452
  23 103.892 4891.29 825.311 0.0542778
  24 108.892 4907.74 824.22 0.0544604
  25 113.892 4891.78 826.057 0.0542832
  26 118.892 4890.67 823.57 0.0542709
  27 123.892 4900.02 828.075 0.0543747
  28 128.892 4890.49 832.828 0.0542689
  29 133.892 4887.07 833.426 0.054231
  30 138.892 4891.42 835.252 0.0542792
  31 143.892 4893.76 835.32 0.0543052
  32 148.892 4886.44 835.769 0.054224
  33 153.892 4884.9 835.825 0.0542069
  34 158.892 4889.09 837.149 0.0542534
  35 163.892 4884.8 838.754 0.0542058
  36 168.892 4885.86 839.061 0.0542175
  37 173.892 4890.23 839.689 0.0542661
  38 178.892 4885.81 839.636 0.054217
  39 183.892 4884.48 836.415 0.0542022
  40 188.892 4895.91 836.152 0.0543291
  41 193.892 4891.84 836.958 0.0542839
  42 198.892 4888.43 840.878 0.054246
  43 203.892 4886.12 840.39 0.0542204
  44 208.892 4882.29 844.666 0.0541779
  45 213.892 4880.77 844.93 0.054161
  46 218.892 4877.06 850.389 0.0541199
  47 223.892 4886.45 851.371 0.0542241
  48 228.892 4876.59 850.163 0.0541147
  49 233.892 4883.4 853.135 0.0541903
  50 238.892 4878.01 854.934 0.0541304
  51 243.892 4871.22 854.905 0.054055
  52 248.892 4869.13 860.381 0.0540319
  53 253.892 4877.06 864.467 0.0541199
  54 258.892 4872.01 867.316 0.0540638
  55 263.892 4865.15 866.589 0.0539877
  56 268.892 4865.87 868.261 0.0539957
  57 273.892 4859.92 869.439 0.0539296
  58 278.892 4865.18 872.731 0.0539881
  59 283.892 4869.84 874.37 0.0540398
  60 288.892 4870.93 872.107 0.0540519
  61 293.892 4861.33 870.832 0.0539453
  62 298.892 4862.43 870.269 0.0539576
  63 303.892 4869.01 871.423 0.0540305
  64 308.892 4869.44 870.586 0.0540354
  65 313.892 4859.64 871.643 0.0539265
  66 318.892 4870.84 870.368 0.0540509
  67 323.892 4875.07 865.128 0.0540978
  68 328.892 4877.91 862.908 0.0541293
  69 333.892 4866.32 863.538 0.0540007
  70 338.892 4869.91 862.978 0.0540406
  71 343.892 4872.26 862.148 0.0540666
  72 348.892 4873.58 859.909 0.0540813
  73 353.892 4866.82 858.627 0.0540062
  74 358.892 4877.14 858.442 0.0541207
  75 363.892 4880.7 859.777 0.0541603
  76 368.892 4871 858.129 0.0540526
  77 373.892 4880.29 852.33 0.0541557
  78 378.892 4873.65 853.49 0.054082
  79 383.892 4878.34 854.15 0.054134
  80 388.892 4880.51 849.437 0.0541581
  81 393.892 2685.49 848.437 0.0298004
50000 81 393216.00000000006
  1 -6.10762 4879.38 848.144 0.0541456
  2 -1.10762 4880.53 845.497 0.0541583
  3 3.89238 4891.45 845.224 0.0542796
  4 8.89238 4876.05 848.33 0.0541087
  5 13.8924 4876.2 851.159 0.0541103
  6 18.8924 4881.74 850.576 0.0541719
  7 23.8924 4878.94 843.703 0.0541407
  8 28.8924 4890.11 840.621 0.0542647
  9 33.8924 4885.81 839.062 0.054217
  10 38.8924 4883.52 838.52 0.0541915
  11 43.8924 4897.56 836.672 0.0543473
  12 48.8924 4887.18 834.539 0.0542322
  13 53.8924 4893.04 833.472 0.0542972
  14 58.8924 4888.05 834.176 0.0542418
  15 63.8924 4890.32 831.69 0.054267
  16 68.8924 4897.62 830.089 0.0543481
  17 73.8924 4887.58 829.966 0.0542366
  18 78.8924 4900.54 831.072 0.0543804
  19 83.8924 4890.27 825.559 0.0542665
  20 88.8924 4897.48 824.933 0.0543465
  21 93.8924 4897.61 824.944 0.0543479
  22 98.8924 4907.92 824.161 0.0544623
  23 103.892 4902.98 824.033 0.0544075
  24 108.892 4892.31 822.725 0.0542891
  25 113.892 4900.86 822.533 0.054384
  26 118.892 4895.88 824.9 0.0543287
  27 123.892 4895.86 827.003 0.0543285
  28 128.892 4885.02 829.497 0.0542082
  29 133.892 4889.22 831.769 0.0542548
  30 138.892 4889.65 831.249 0.0542596
  31 143.892 4891.67 832.929 0.054282
  32 148.892 4886.06 835.461 0.0542197
  33 153.892 4890.1 838.516 0.0542646
  34 158.892 4889.6 840.086 0.054259
  35 163.892 4879.89 839.294 0.0541512
  36 168.892 4884.44 837.156 0.0542018
  37 173.892 4891.03 837.863 0.0542749
  38 178.892 4890.61 839.861 0.0542702
  39 183.892 4879.04 841.153 0.0541418
  40 188.892 4890.16 837.336 0.0542653
  41 193.892 4885.78 840.201 0.0542166
  42 198.892 4884.25 839.939 0.0541997
  43 203.892 4884.12 838.837 0.0541982
  44 208.892 4882.53 840.934 0.0541805
  45 213.892 4888 842.079 0.0542413
  46 218.892 4888 844.668 0.0542413
  47 223.892 4877.41 848.078 0.0541238
  48 228.892 4879.36 850.977 0.0541454
  49 233.892 4882.09 854.048 0.0541757
  50 238.892 4874.89 851.395 0.0540958
  51 243.892 4880.57 855.006 0.0541589
  52 248.892 4870.25 857.657 0.0540443
  53 253.892 4870.79 863.855 0.0540503
  54 258.892 4873.28 868.104 0.0540779
  55 263.892 4865.76 869.715 0.0539945
  56 268.892 4866.93 869.808 0.0540074
  57 273.892 4866.48 872.613 0.0540025
  58 278.892 4864.99 871.088 0.0539859
  59 283.892 4859.99 873.457 0.0539305
  60 288.892 4878.86 874.274 0.0541399
  61 293.892 4862.52 873.959 0.0539585
  62 298.892 4865.24 872.001 0.0539887
  63 303.892 4863.65 870.117 0.0539711
  64 308.892 4871.55 871.271 0.0540588
  65 313.892 4867.65 867.639 0.0540154
  66 318.892 4870.58 866.957 0.054048
  67 323.892 4864.93 868.497 0.0539853
  68 328.892 4869.94 866.08 0.0540409
  69 333.892 4869.54 859.679 0.0540365
  70 338.892 4873.44 861.136 0.0540797
  71 343.892 4875.5 862.734 0.0541026
  72 348.892 4871.51 861.477 0.0540583
  73 353.892 4875.54 855.678 0.054103
  74 358.892 4879.57 854.634 0.0541478
  75 363.892 4872.25 855.71 0.0540665
  76 368.892 4870.97 855.996 0.0540523
  77 373.892 4878.87 854.726 0.0541399
  78 378.892 4876.78 854.427 0.0541167
  79 383.892 4873.28 855.533 0.0540779
  80 388.892 4878.43 851.192 0.0541351
  81 393.892 2676.65 850.985 0.0297024
55000 81 393216
  1 -6.10762 4877.92 850.721 0.0541294
  2 -1.10762 4880.19 847.7 0.0541546
  3 3.89238 4876.53 848.395 0.054114
  4 8.89238 4886.26 846.955 0.054222
  5 13.8924 4887.28 846.363 0.0542333
  6 18.8924 4881.32 844.407 0.0541672
  7 23.8924 4883.79 840.871 0.0541946
  8 28.8924 4890.09 838.111 0.0542645
  9 33.8924 4887.17 837.495 0.054232
  10 38.8924 4884.12 838.151 0.0541983
  11 43.8924 4893.32 834.75 0.0543003
  12 48.8924 4887.53 835.178 0.054236
  13 53.8924 4885.31 834.982 0.0542114
  14 58.8924 4892.03 835.322 0.054286
  15 63.8924 4888.92 831.771 0.0542515
  16 68.8924 4892.01 831.476 0.0542858
  17 73.8924 4899.41 833.162 0.0543679
  18 78.8924 4889.29 831.772 0.0542556
  19 83.8924 4887.71 827.071 0.0542381
  20 88.8924 4901.65 823.416 0.0543928
  21 93.8924 4902.62 824.104 0.0544036
  22 98.8924 4910.7 824.526 0.0544932
  23 103.892 4890.6 822.784 0.0542701
  24 108.892 4897.63 824.824 0.0543481
  25 113.892 4892.77 826.291 0.0542942
  26 118.892 4892.54 827.421 0.0542916
  27 123.892 4895.88 827.029 0.0543287
  28 128.892 4900.41 828.358 0.054379
  29 133.892 4890 829.422 0.0542635
  30 138.892 4888.8 831.608 0.0542502
  31 143.892 4886.44 833.212 0.054224
  32 148.892 4880.36 836.127 0.0541565
  33 153.892 4890.96 836.136 0.0542742
  34 158.892 4883.11 838.69 0.054187
  35 163.892 4885.6 840.38 0.0542146
  36 168.892 4895.35 838.486 0.0543228
  37 173.892 4884.47 838.196 0.0542021
  38 178.892 4891.05 839.578 0.0542751
  39 183.892 4883.1 840.231 0.0541869
  40 188.892 4886.52 838.749 0.0542248
  41 193.892 4884.71 839.011 0.0542048
  42 198.892 4884.26 842.337 0.0541997
  43 203.892 4882.88 844.786 0.0541844
  44 208.892 4884.99 844.84 0.0542078
  45 213.892 4885.65 845.212 0.0542152
  46 218.892 4880.72 845.377 0.0541605
  47 223.892 4876.4 848.046 0.0541126
  48 228.892 4883.65 847.859 0.054193
  49 233.892 4880.9 850.142 0.0541625
  50 238.892 4872.52 855.39 0.0540695
  51 243.892 4874.89 856.562 0.0540958
  52 248.892 4875.83 858.409 0.0541062
  53 253.892 4876.55 858.399 0.0541143
  54 258.892 4871.24 861.395 0.0540553
  55 263.892 4868.96 859.842 0.05403
  56 268.892 4864.61 862.616 0.0539817
  57 273.892 4868.93 863.652 0.0540297
  58 278.892 4867.81 867.388 0.0540172
  59 283.892 4870.91 871.721 0.0540517
  60 288.892 4868.12 872.574 0.0540207
  61 293.892 4872.21 872.124 0.0540661
  62 298.892 4863.89 872.075 0.0539737
  63 303.892 4868.29 870.398 0.0540226
  64 308.892 4862.63 872.54 0.0539598
  65 313.892 4874.66 869.678 0.0540932
  66 318.892 4868.72 867.437 0.0540274
  67 323.892 4865.64 866.594 0.0539932
  68 328.892 4865.44 864.193 0.053991
  69 333.892 4868.53 863.099 0.0540252
  70 338.892 4874.91 860.036 0.054096
  71 343.892 4877.49 860.594 0.0541247
  72 348.892 4875.51 862.395 0.0541027
  73 353.892 4863.06 861.166 0.0539646
  74 358.892 4869.78 860.249 0.0540391
  75 363.892 4880.72 857.771 0.0541605
  76 368.892 4874.69 858.808 0.0540936
  77 373.892 4876.63 855.586 0.0541151
  78 378.892 4869.5 855.193 0.054036
  79 383.892 4876.26 855.607 0.054111
  80 388.892 4876.14 850.98 0.0541097
  81 393.892 2686 849.296 0.0298061
60000 81 393216.00000000006
  1 -6.10762 4879.93 851.222 0.0541517
  2 -1.10762 4878.58 849.54 0.0541368
  3 3.89238 4878.32 849.535 0.0541339
  4 8.89238 4879.14 848.449 0.0541429
  5 13.8924 4883.17 845.614 0.0541877
  6 18.8924 4886.32 845.654 0.0542226
  7 23.8924 4886.19 842.958 0.0542212
  8 28.8924 4884.21 839.488 0.0541992
  9 33.8924 4887.93 838.159 0.0542405
  10 38.8924 4886.26 840.534 0.054222
  11 43.8924 4886.66 840.635 0.0542264
  12 48.8924 4882.78 837.364 0.0541834
  13 53.8924 4894.39 833.263 0.0543121
  14 58.8924 4886.99 831.825 0.0542301
  15 63.8924 4905.03 830.283 0.0544302
  16 68.8924 4893.28 830.004 0.0542999
  17 73.8924 4897.94 829.954 0.0543516
  18 78.8924 4892.35 826.674 0.0542896
  19 83.8924 4895.03 826.966 0.0543193
  20 88.8924 4901.41 825.789 0.0543901
  21 93.8924 4903.48 824.977 0.0544131
  22 98.8924 4901.58 827.686 0.0543919
  23 103.892 4888.17 828.847 0.0542432
  24 108.892 4893.46 830.141 0.0543019
  25 113.892 4894.7 829.39 0.0543157
  26 118.892 4893.65 829.783 0.054304
  27 123.892 4891.38 827.484 0.0542788
  28 128.892 4895.12 832.172 0.0543203
  29 133.892 4887.2 833.459 0.0542324
  30 138.892 4900.46 835.758 0.0543796
  31 143.892 4897.78 836.279 0.0543498
  32 148.892 4887.28 836.526 0.0542332
  33 153.892 4881.97 834.809 0.0541744
  34 158.892 4892.61 833.983 0.0542924
  35 163.892 4892.53 834.213 0.0542915
  36 168.892 4890.14 838.264 0.054265
  37 173.892 4882.34 844.727 0.0541784
  38 178.892 4886.57 842.194 0.0542254
  39 183.892 4880.98 844.875 0.0541634
  40 188.892 4884.93 843.081 0.0542072
  41 193.892 4886.56 841.825 0.0542253
  42 198.892 4884.98 841.801 0.0542077
  43 203.892 4881.43 845.864 0.0541684
  44 208.892 4882.97 848.856 0.0541854
  45 213.892 4876.88 846.878 0.0541179
  46 218.892 4884.42 847.836 0.0542016
  47 223.892 4880.79 846.066 0.0541613
  48 228.892 4876.21 849.926 0.0541105
  49 233.892 4875.61 851.901 0.0541038
  50 238.892 4882.54 851.54 0.0541807
  51 243.892 4877.78 852.299 0.0541279
  52 248.892 4870.35 853.994 0.0540454
  53 253.892 4876.08 856.589 0.054109
  54 258.892 4874.59 862.828 0.0540925
  55 263.892 4865.62 867.035 0.0539929
  56 268.892 4862.92 867.229 0.053963
  57 273.892 4872.24 867.768 0.0540664
  58 278.892 4870.3 867.023 0.0540448
  59 283.892 4867.83 870.661 0.0540175
  60 288.892 4861.9 872.116 0.0539517
  61 293.892 4873.77 873.126 0.0540833
  62 298.892 4867.87 872.643 0.0540179
  63 303.892 4859.87 873.675 0.0539291
  64 308.892 4863.13 870.316 0.0539653
  65 313.892 4864.8 867.727 0.0539838
  66 318.892 4871.06 867.855 0.0540533
  67 323.892 4861.77 869.766 0.0539502
  68 328.892 4871.73 866.936 0.0540607
  69 333.892 4868.89 864.883 0.0540292
  70 338.892 4867.98 861.714 0.0540191
  71 343.892 4874.96 860.074 0.0540966
  72 348.892 4867.62 863.043 0.0540151
  73 353.892 4874.1 859.32 0.054087
  74 358.892 4867.59 855.705 0.0540148
  75 363.892 4881.22 855.003 0.054166
  76 368.892 4878.97 856.968 0.0541411
  77 373.892 4874.27 855.683 0.0540889
  78 378.892 4881.68 851.775 0.0541712
  79 383.892 4878.38 849.018 0.0541345
  80 388.892 4874.5 851.075 0.0540915
  81 393.892 2687.63 850.318 0.0298242
65000 81 393215.99999999994
  1 -6.10762 4885.07 848.518 0.0542087
  2 -1.10762 4887.44 848.642 0.0542351
  3 3.89238 4886.5 847.295 0.0542247
  4 8.89238 4883.17 842.758 0.0541877
  5 13.8924 4883.86 843.297 0.0541953
  6 18.8924 4887.27 843.745 0.0542331
  7 23.8924 4881.7 840.409 0.0541714
  8 28.8924 4886.45 840.265 0.0542241
  9 33.8924 4880.15 840.884 0.0541541
  10 38.8924 4889.56 837.397 0.0542586
  11 43.8924 4879.41 836.687 0.054146
  12 48.8924 4895.47 833.59 0.0543242
  13 53.8924 4891.29 834.476 0.0542778
  14 58.8924 4882.56 833.885 0.0541809
  15 63.8924 4897.46 831.153 0.0543463
  16 68.8924 4894.03 832.765 0.0543082
  17 73.8924 4889.04 832.167 0.0542528
  18 78.8924 4888.67 828.954 0.0542488
  19 83.8924 4896.1 826.526 0.0543312
  20 88.8924 4904.65 825.045 0.054426
  21 93.8924 4895.88 825.815 0.0543288
  22 98.8924 4898.77 825.33 0.0543608
  23 103.892 4902.63 825.427 0.0544036
  24 108.892 4894.69 829.076 0.0543155
  25 113.892 4887.93 830.588 0.0542405
  26 118.892 4895.17 832.284 0.0543208
  27 123.892 4891.05 833.068 0.0542751
  28 128.892 4895.15 832.71 0.0543206
  29 133.892 4888.21 833.47 0.0542436
  30 138.892 4893.11 835.427 0.054298
  31 143.892 4880.84 837.117 0.0541618
  32 148.892 4888.77 836.599 0.0542499
  33 153.892 4892.5 831.574 0.0542913
  34 158.892 4892.6 834.189 0.0542923
  35 163.892 4887.62 840.806 0.0542371
  36 168.892 4886.56 843.062 0.0542253
  37 173.892 4885.38 838.15 0.0542123
  38 178.892 4880.66 839.312 0.0541598
  39 183.892 4884.08 840.858 0.0541978
  40 188.892 4888.22 842.674 0.0542437
  41 193.892 4892.46 843.898 0.0542908
  42 198.892 4879.38 845.061 0.0541456
  43 203.892 4873.24 847.829 0.0540775
  44 208.892 4880.88 846.432 0.0541623
  45 213.892 4886.25 844.015 0.0542219
  46 218.892 4888.38 843.102 0.0542455
  47 223.892 4875.17 846.913 0.054099
  48 228.892 4876.69 849.208 0.0541157
  49 233.892 4885.47 850.86 0.0542132
  50 238.892 4876.09 856.55 0.0541091
  51 243.892 4873.37 859.032 0.0540789
  52 248.892 4868.99 856.967 0.0540303
  53 253.892 4882.3 855.768 0.054178
  54 258.892 4870.34 862.925 0.0540453
  55 263.892 4867.07 865.013 0.054009
  56 268.892 4871.01 871.41 0.0540528
  57 273.892 4870.93 871.618 0.0540518
  58 278.892 4862.61 872.349 0.0539596
  59 283.892 4858.8 873.746 0.0539172
  60 288.892 4874.19 872.092 0.0540881
  61 293.892 4867.37 872.936 0.0540124
  62 298.892 4866.67 873.177 0.0540045
  63 303.892 4868.09 871.318 0.0540204
  64 308.892 4874.31 870.849 0.0540893
  65 313.892 4868.77 869.421 0.0540279
  66 318.892 4865.72 865.952 0.053994
  67 323.892 4868.02 864.616 0.0540196
  68 328.892 4869.46 864.911 0.0540356
  69 333.892 4876.83 868.944 0.0541174
  70 338.892 4869.05 865.498 0.054031
  71 343.892 4863.35 865.401 0.0539677
  72 348.892 4877.41 863.891 0.0541237
  73 353.892 4868.88 863.196 0.0540291
  74 358.892 4871.54 859.549 0.0540586
  75 363.892 4885.46 856.166 0.0542131
  76 368.892 4872.34 853.933 0.0540675
  77 373.892 4876.28 853.111 0.0541113
  78 378.892 4878.22 853.79 0.0541328
  79 383.892 4875 850.772 0.054097
  80 388.892 4880.02 849.508 0.0541527
  81 393.892 2679.92 849.196 0.0297386
