# Chunk-averaged data for fix tz and group all
# Timestep Number-of-chunks Total-count
# Chunk Coord1 Ncount temp density/number
25000 81 393215.9999999999
  1 -5.75991 4897.78 806.195 0.054538
  2 -0.759905 4887.76 804.961 0.0544264
  3 4.24009 4891.76 802.955 0.0544709
  4 9.24009 4885.99 805.495 0.0544067
  5 14.2401 4889.99 804.965 0.0544513
  6 19.2401 4895.52 803.383 0.0545128
  7 24.2401 4887.88 804.113 0.0544277
  8 29.2401 4888.77 801.851 0.0544377
  9 34.2401 4887.34 801.263 0.0544217
  10 39.2401 4895.27 798.735 0.05451
  11 44.2401 4898.33 796.377 0.0545441
  12 49.2401 4899.23 793.193 0.0545541
  13 54.2401 4894.06 792.565 0.0544965
  14 59.2401 4895.91 790.423 0.0545172
  15 64.2401 4899.56 789.953 0.0545579
  16 69.2401 4910.05 790.751 0.0546746
  17 74.2401 4907.5 787.055 0.0546463
  18 79.2401 4895.98 785.728 0.0545179
  19 84.2401 4897.41 785.464 0.0545338
  20 89.2401 4909.62 786.215 0.0546698
  21 94.2401 4904.96 786.267 0.0546179
  22 99.2401 4902.59 786.552 0.0545916
  23 104.24 4899.13 790.101 0.054553
  24 109.24 4902.32 787.816 0.0545885
  25 114.24 4895.26 790.857 0.05451
  26 119.24 4894.43 790.613 0.0545007
  27 124.24 4906.41 794.241 0.0546341
  28 129.24 4888.5 794.987 0.0544346
  29 134.24 4901.75 794.693 0.0545822
  30 139.24 4898.41 796.299 0.054545
  31 144.24 4897.85 796.059 0.0545387
  32 149.24 4888.23 799.455 0.0544317
  33 154.24 4892.29 799.243 0.0544769
  34 159.24 4891.87 799.887 0.0544721
  35 164.24 4890.82 801.453 0.0544605
  36 169.24 4880.58 803.607 0.0543464
  37 174.24 4922.5 805.81 0.0548133
  38 179.24 4846.32 807.925 0.053965
  39 184.24 4982.45 807.172 0.0554808
  40 189.24 4857.89 806.729 0.0540938
  41 194.24 4904.31 808.392 0.0546107
  42 199.24 4949.99 812.534 0.0551194
  43 204.24 4848.49 812.9 0.0539891
  44 209.24 4936.72 813.944 0.0549716
  45 214.24 4874.93 811.87 0.0542835
  46 219.24 4878.8 810.996 0.0543267
  47 224.24 4893.25 810.674 0.0544876
  48 229.24 4888.92 812.137 0.0544393
  49 234.24 4883.68 816.883 0.054381
  50 239.24 4877.34 818.002 0.0543104
  51 244.24 4880.87 819.619 0.0543496
  52 249.24 4886.96 820.416 0.0544175
  53 254.24 4882.13 820.312 0.0543637
  54 259.24 4878.06 820.749 0.0543184
  55 264.24 4880.79 819.113 0.0543488
  56 269.24 4879.17 825.523 0.0543307
  57 274.24 4878.09 823.543 0.0543187
  58 279.24 4875.09 825.962 0.0542853
  59 284.24 4874.18 828.42 0.0542752
  60 289.24 4879.23 833.244 0.0543314
  61 294.24 4869.81 833.124 0.0542266
  62 299.24 4879.87 831.067 0.0543386
  63 304.24 4880.08 827.994 0.0543409
  64 309.24 4872.77 828.313 0.0542595
  65 314.24 4876.92 825.22 0.0543057
  66 319.24 4881.58 822.39 0.0543576
  67 324.24 4882.7 823.866 0.0543701
  68 329.24 4877.61 820.428 0.0543134
  69 334.24 4877.47 820.596 0.0543119
  70 339.24 4885.96 820.832 0.0544063
  71 344.24 4881.05 820.056 0.0543517
  72 349.24 4870.76 819.647 0.0542372
  73 354.24 4882.89 817.76 0.0543722
  74 359.24 4887.15 814.904 0.0544197
  75 364.24 4882.89 814.953 0.0543722
  76 369.24 4876.61 813.594 0.0543022
  77 374.24 4887.85 811.58 0.0544275
  78 379.24 4888.26 811.033 0.054432
  79 384.24 4891.08 808.784 0.0544634
  80 389.24 4886.33 808.188 0.0544105
  81 394.24 2005.09 805.324 0.0223271
30000 81 393216.00000000006
  1 -5.75991 4883.56 808.703 0.0543796
  2 -0.759905 4890.29 804.258 0.0544546
  3 4.24009 4889.41 803.485 0.0544448
  4 9.24009 4890.71 804.374 0.0544593
  5 14.2401 4892.05 804.654 0.0544742
  6 19.2401 4897.29 804.929 0.0545325
  7 24.2401 4888.77 807.028 0.0544377
  8 29.2401 4885.69 803.917 0.0544034
  9 34.2401 4889.29 799.105 0.0544434
  10 39.2401 4899.45 797.888 0.0545566
  11 44.2401 4901.52 794.323 0.0545796
  12 49.2401 4892.58 794.655 0.0544801
  13 54.2401 4903.03 791.131 0.0545964
  14 59.2401 4897.19 786.424 0.0545314
  15 64.2401 4898.73 787.051 0.0545486
  16 69.2401 4908.74 787.68 0.05466
  17 74.2401 4901.31 786.108 0.0545773
  18 79.2401 4902.23 787.635 0.0545876
  19 84.2401 4907.29 786.011 0.0546439
  20 89.2401 4899.68 785.569 0.0545591
  21 94.2401 4895.21 784.46 0.0545093
  22 99.2401 4910.04 786.208 0.0546745
  23 104.24 4904.4 787.609 0.0546117
  24 109.24 4901.44 788.168 0.0545788
  25 114.24 4897.85 790.571 0.0545388
  26 119.24 4895.78 791.327 0.0545157
  27 124.24 4895.36 791.601 0.054511
  28 129.24 4899.37 791.88 0.0545557
  29 134.24 4895.12 793.579 0.0545084
  30 139.24 4902.01 794.021 0.0545851
  31 144.24 4897.72 797.015 0.0545373
  32 149.24 4895.54 799.523 0.054513
  33 154.24 4891.78 798.457 0.0544712
  34 159.24 4891.4 799.077 0.0544669
  35 164.24 4888.35 801.755 0.054433
  36 169.24 4902.53 801.04 0.0545908
  37 174.24 4895.64 806.175 0.0545142
  38 179.24 4874.04 807.4 0.0542736
  39 184.24 4973.72 808.254 0.0553836
  40 189.24 4827.49 809.997 0.0537552
  41 194.24 4994.45 810.611 0.0556144
  42 199.24 4857.17 812.676 0.0540857
  43 204.24 4906.25 813.37 0.0546323
  44 209.24 4904.83 810.864 0.0546165
  45 214.24 4874.06 812.38 0.0542738
  46 219.24 4890.04 812.026 0.0544518
  47 224.24 4883.99 811.749 0.0543845
  48 229.24 4881.23 814.813 0.0543537
  49 234.24 4884.97 814.655 0.0543953
  50 239.24 4882 812.884 0.0543622
  51 244.24 4882.61 816.563 0.0543691
  52 249.24 4883.02 819.075 0.0543736
  53 254.24 4884.06 821.871 0.0543852
  54 259.24 4880.94 822.482 0.0543504
  55 264.24 4866.97 825.115 0.0541949
  56 269.24 4873.87 825.849 0.0542717
  57 274.24 4882.22 825.46 0.0543647
  58 279.24 4879.88 825.923 0.0543386
  59 284.24 4873.25 828.332 0.0542648
  60 289.24 4868.3 832.077 0.0542098
  61 294.24 4877.88 832.492 0.0543164
  62 299.24 4873.94 830.647 0.0542725
  63 304.24 4875.47 828.363 0.0542896
  64 309.24 4870.17 828.564 0.0542305
  65 314.24 4879.29 823.331 0.0543321
  66 319.24 4873.43 820.525 0.0542669
  67 324.24 4877.91 823.439 0.0543168
  68 329.24 4882.8 824.795 0.0543712
  69 334.24 4884 824.976 0.0543846
  70 339.24 4876.48 824.05 0.0543008
  71 344.24 4875.01 820.866 0.0542844
  72 349.24 4888.64 816.88 0.0544362
  73 354.24 4878.69 816.882 0.0543255
  74 359.24 4879.53 818.638 0.0543347
  75 364.24 4884.92 815.678 0.0543948
  76 369.24 4886.61 813.119 0.0544136
  77 374.24 4889.36 810.705 0.0544442
  78 379.24 4888.74 807.62 0.0544373
  79 384.24 4886.11 807.468 0.0544081
  80 389.24 4888.46 810.673 0.0544342
  81 394.24 2010.85 810.194 0.0223913
35000 81 393216
  1 -5.75991 4886.31 808.331 0.0544102
  2 -0.759905 4891.06 806.841 0.0544631
  3 4.24009 4890.19 804.917 0.0544535
  4 9.24009 4889.07 806.523 0.054441
  5 14.2401 4890.04 803.157 0.0544518
  6 19.2401 4893.56 799.417 0.054491
  7 24.2401 4894.63 801.345 0.054503
  8 29.2401 4891.75 801.536 0.0544708
  9 34.2401 4891.76 800.557 0.0544709
  10 39.2401 4894.28 795.168 0.054499
  11 44.2401 4893.85 793.45 0.0544942
  12 49.2401 4901.08 793.916 0.0545747
  13 54.2401 4899.13 792.599 0.054553
  14 59.2401 4898.37 790.954 0.0545445
  15 64.2401 4901.43 788.968 0.0545786
  16 69.2401 4897.32 788.385 0.0545329
  17 74.2401 4902.51 785.661 0.0545907
  18 79.2401 4908.5 788.075 0.0546573
  19 84.2401 4909.19 785.137 0.0546651
  20 89.2401 4896.41 782.33 0.0545227
  21 94.2401 4910.94 784.595 0.0546845
  22 99.2401 4905.87 783.583 0.054628
  23 104.24 4904.88 785.165 0.054617
  24 109.24 4906.61 784.835 0.0546363
  25 114.24 4902.21 788.467 0.0545873
  26 119.24 4898.34 789.007 0.0545443
  27 124.24 4896.42 789.708 0.0545228
  28 129.24 4905.45 794.33 0.0546233
  29 134.24 4892.9 795.183 0.0544836
  30 139.24 4901.73 791.726 0.054582
  31 144.24 4895.26 794.267 0.0545099
  32 149.24 4895.9 798.895 0.054517
  33 154.24 4890.04 797.905 0.0544518
  34 159.24 4898.06 799.012 0.0545411
  35 164.24 4885.45 802.564 0.0544007
  36 169.24 4910.1 804.585 0.0546752
  37 174.24 4881.03 805.962 0.0543514
  38 179.24 4891.9 806.288 0.0544725
  39 184.24 4944.67 808.722 0.0550602
  40 189.24 4846.93 807.148 0.0539717
  41 194.24 4989.81 807.875 0.0555628
  42 199.24 4841.53 810.985 0.0539117
  43 204.24 4926.03 809.228 0.0548526
  44 209.24 4882.46 809.112 0.0543674
  45 214.24 4887.78 810.977 0.0544267
  46 219.24 4895.89 810.407 0.054517
  47 224.24 4879.85 814.446 0.0543383
  48 229.24 4880.2 815.817 0.0543423
  49 234.24 4887.8 815.258 0.0544268
  50 239.24 4882.02 817.759 0.0543624
  51 244.24 4877.4 822.257 0.054311
  52 249.24 4886.42 821.96 0.0544115
  53 254.24 4872.53 822.006 0.0542568
  54 259.24 4880.68 823.586 0.0543476
  55 264.24 4879.03 825.517 0.0543292
  56 269.24 4873.45 827.415 0.0542671
  57 274.24 4871.51 829.816 0.0542455
  58 279.24 4872.19 829.933 0.054253
  59 284.24 4873.72 832.545 0.0542701
  60 289.24 4873.1 832.843 0.0542631
  61 294.24 4874.99 832.319 0.0542843
  62 299.24 4866.81 830.411 0.0541931
  63 304.24 4876.51 826.976 0.0543012
  64 309.24 4885.9 822.453 0.0544057
  65 314.24 4881.38 818.106 0.0543553
  66 319.24 4873.46 818.626 0.0542672
  67 324.24 4880.52 820.901 0.0543457
  68 329.24 4875.69 821.67 0.0542921
  69 334.24 4883.55 822.259 0.0543795
  70 339.24 4882.71 824.186 0.0543702
  71 344.24 4874.26 821.871 0.0542761
  72 349.24 4882.57 817.202 0.0543686
  73 354.24 4882.06 816.212 0.0543629
  74 359.24 4872.86 816.354 0.0542605
  75 364.24 4883.8 815.553 0.0543824
  76 369.24 4884.16 813.4 0.0543863
  77 374.24 4885.1 813.407 0.0543968
  78 379.24 4889 812.984 0.0544402
  79 384.24 4885.13 813.078 0.0543971
  80 389.24 4883.57 810.64 0.0543798
  81 394.24 2013.47 809.933 0.0224205
40000 81 393215.99999999994
  1 -5.75991 4883.68 808.454 0.054381
  2 -0.759905 4886.98 807.712 0.0544177
  3 4.24009 4893.03 806.226 0.0544851
  4 9.24009 4891.94 806.284 0.054473
  5 14.2401 4891.33 801.489 0.0544661
  6 19.2401 4891.38 799.777 0.0544668
  7 24.2401 4905.03 802.983 0.0546187
  8 29.2401 4884.13 801.778 0.054386
  9 34.2401 4886.03 802.128 0.0544072
  10 39.2401 4896.78 797.952 0.0545268
  11 44.2401 4896.23 797.346 0.0545207
  12 49.2401 4898.53 794.983 0.0545463
  13 54.2401 4897.75 794.273 0.0545376
  14 59.2401 4900.19 793.876 0.0545649
  15 64.2401 4902.52 791.139 0.0545908
  16 69.2401 4897.06 788.616 0.05453
  17 74.2401 4905.2 787.36 0.0546206
  18 79.2401 4897.09 788.519 0.0545303
  19 84.2401 4903.2 786.725 0.0545983
  20 89.2401 4902.45 786.003 0.0545899
  21 94.2401 4903.4 785.485 0.0546006
  22 99.2401 4896.51 784.876 0.0545239
  23 104.24 4912.9 785.421 0.0547064
  24 109.24 4914.12 783.178 0.0547199
  25 114.24 4903 784.206 0.0545962
  26 119.24 4901.56 786.959 0.05458
  27 124.24 4900.47 788.601 0.054568
  28 129.24 4894.02 792.287 0.0544961
  29 134.24 4904.86 793.857 0.0546168
  30 139.24 4898.92 795.529 0.0545506
  31 144.24 4899.59 796.375 0.0545581
  32 149.24 4899.57 797.81 0.0545579
  33 154.24 4889.11 798.397 0.0544414
  34 159.24 4890.62 801.835 0.0544583
  35 164.24 4892.65 804.268 0.0544808
  36 169.24 4901.49 806.089 0.0545793
  37 174.24 4899.29 806.874 0.0545548
  38 179.24 4877.73 806.639 0.0543148
  39 184.24 4958.19 805.106 0.0552106
  40 189.24 4863.75 805.999 0.054159
  41 194.24 4951.46 811.416 0.0551357
  42 199.24 4876.47 811.824 0.0543006
  43 204.24 4912.42 809.407 0.0547011
  44 209.24 4899.84 809.279 0.0545609
  45 214.24 4879.6 810.916 0.0543356
  46 219.24 4886.21 812.445 0.0544091
  47 224.24 4881.54 815.711 0.0543571
  48 229.24 4881.51 815.167 0.0543568
  49 234.24 4877.27 814.304 0.0543096
  50 239.24 4878.58 818.726 0.0543242
  51 244.24 4878.62 821.731 0.0543246
  52 249.24 4883.01 820.532 0.0543735
  53 254.24 4877.27 824.732 0.0543096
  54 259.24 4879.64 825.284 0.054336
  55 264.24 4869.57 827.891 0.0542239
  56 269.24 4875.58 826.571 0.0542908
  57 274.24 4877.01 826.822 0.0543067
  58 279.24 4875.88 828.736 0.0542941
  59 284.24 4868.91 832.005 0.0542165
  60 289.24 4873.31 831.166 0.0542655
  61 294.24 4876.47 832.854 0.0543007
  62 299.24 4876.29 834.408 0.0542986
  63 304.24 4873.48 831.404 0.0542674
  64 309.24 4871.31 827.046 0.0542432
  65 314.24 4873.8 823.692 0.054271
  66 319.24 4879.21 828.625 0.0543312
  67 324.24 4873.6 826.203 0.0542687
  68 329.24 4879.31 824.59 0.0543324
  69 334.24 4877.53 824.597 0.0543125
  70 339.24 4886.02 820.897 0.054407
  71 344.24 4881.5 820.763 0.0543567
  72 349.24 4877.43 819.039 0.0543114
  73 354.24 4877.32 814.04 0.0543102
  74 359.24 4888.87 813.668 0.0544387
  75 364.24 4891.72 813.071 0.0544706
  76 369.24 4879.45 812.04 0.0543339
  77 374.24 4882.85 811.213 0.0543718
  78 379.24 4885.96 809.664 0.0544064
  79 384.24 4887.44 808.088 0.0544228
  80 389.24 4893.52 809.573 0.0544905
  81 394.24 2006.97 809.059 0.0223481
45000 81 393215.9999999998
  1 -5.75991 4896.81 809.03 0.0545272
  2 -0.759905 4890.11 807.277 0.0544526
  3 4.24009 4890.19 803.087 0.0544535
  4 9.24009 4891.7 799.893 0.0544703
  5 14.2401 4899.03 800.826 0.0545519
  6 19.2401 4894.94 802.124 0.0545064
  7 24.2401 4891.76 804.634 0.054471
  8 29.2401 4890.38 803.622 0.0544555
  9 34.2401 4894.97 800.528 0.0545067
  10 39.2401 4890.21 800.364 0.0544536
  11 44.2401 4903.06 801.178 0.0545968
  12 49.2401 4895.62 796.314 0.0545139
  13 54.2401 4895 795.412 0.054507
  14 59.2401 4895.61 792.076 0.0545138
  15 64.2401 4901.17 787.952 0.0545758
  16 69.2401 4906.83 784.896 0.0546387
  17 74.2401 4900.79 785.896 0.0545715
  18 79.2401 4904.23 782.766 0.0546098
  19 84.2401 4899.13 784.547 0.054553
  20 89.2401 4912.89 784.629 0.0547062
  21 94.2401 4900.48 783.808 0.054568
  22 99.2401 4908.12 782.445 0.0546531
  23 104.24 4910.8 782.863 0.054683
  24 109.24 4900.5 785.223 0.0545683
  25 114.24 4903.74 786.03 0.0546044
  26 119.24 4901.12 787.487 0.0545752
  27 124.24 4901.56 790.542 0.0545801
  28 129.24 4898.31 792.064 0.0545438
  29 134.24 4900.92 791.671 0.054573
  30 139.24 4897.78 792.851 0.054538
  31 144.24 4894 794.342 0.0544959
  32 149.24 4902.54 795.798 0.054591
  33 154.24 4895.68 799.57 0.0545146
  34 159.24 4893.47 800.816 0.05449
  35 164.24 4882.05 802.817 0.0543629
  36 169.24 4890.39 807.002 0.0544557
  37 174.24 4916.09 808.618 0.0547419
  38 179.24 4855.49 807.054 0.054067
  39 184.24 4985.33 808.287 0.0555129
  40 189.24 4827.61 811.467 0.0537566
  41 194.24 4978.36 810.57 0.0554353
  42 199.24 4873.33 810.183 0.0542658
  43 204.24 4892.93 811.127 0.054484
  44 209.24 4916.3 811.733 0.0547442
  45 214.24 4872.3 812.035 0.0542543
  46 219.24 4884.43 815.472 0.0543893
  47 224.24 4888.18 814.532 0.0544311
  48 229.24 4876.76 813.591 0.0543039
  49 234.24 4886.83 814.67 0.0544161
  50 239.24 4883.58 817.067 0.0543798
  51 244.24 4882.49 816.828 0.0543677
  52 249.24 4873.21 823.022 0.0542644
  53 254.24 4880.13 823.212 0.0543415
  54 259.24 4875.62 826.007 0.0542912
  55 264.24 4878.25 827.033 0.0543205
  56 269.24 4871.87 827.393 0.0542495
  57 274.24 4874.03 830.793 0.0542736
  58 279.24 4880.6 831.796 0.0543467
  59 284.24 4861.15 832.866 0.0541301
  60 289.24 4875.9 830.153 0.0542944
  61 294.24 4880.07 831.823 0.0543408
  62 299.24 4867.39 831.525 0.0541996
  63 304.24 4875.06 831.066 0.0542849
  64 309.24 4879.06 828.474 0.0543295
  65 314.24 4875 825.82 0.0542843
  66 319.24 4875.25 825.389 0.0542871
  67 324.24 4880.38 826.748 0.0543442
  68 329.24 4870.58 824.179 0.0542351
  69 334.24 4883.41 821.324 0.054378
  70 339.24 4875.83 820.992 0.0542936
  71 344.24 4881.91 820.312 0.0543612
  72 349.24 4882.15 818.607 0.054364
  73 354.24 4878.64 818.089 0.0543248
  74 359.24 4884.63 814.482 0.0543916
  75 364.24 4883.08 813.778 0.0543743
  76 369.24 4885.98 813.239 0.0544066
  77 374.24 4889.91 813.07 0.0544504
  78 379.24 4881.19 812.483 0.0543533
  79 384.24 4881.1 814.067 0.0543523
  80 389.24 4880.77 808.868 0.0543486
  81 394.24 2007.94 807.619 0.0223589
50000 81 393216.0000000001
  1 -5.75991 4892.21 806.341 0.0544759
  2 -0.759905 4887.15 808.224 0.0544196
  3 4.24009 4893.27 804.321 0.0544877
  4 9.24009 4888.58 804.314 0.0544355
  5 14.2401 4886.15 800.291 0.0544085
  6 19.2401 4898.72 799.81 0.0545484
  7 24.2401 4889.96 799.496 0.0544509
  8 29.2401 4897.97 802.117 0.0545401
  9 34.2401 4894.96 800.411 0.0545066
  10 39.2401 4895.24 798.304 0.0545097
  11 44.2401 4890.03 799.024 0.0544517
  12 49.2401 4891.43 797.159 0.0544672
  13 54.2401 4900.34 794.927 0.0545665
  14 59.2401 4906.19 790.217 0.0546317
  15 64.2401 4892.85 789.126 0.054483
  16 69.2401 4904.8 788.296 0.0546162
  17 74.2401 4895.13 787.711 0.0545085
  18 79.2401 4901.3 787.13 0.0545772
  19 84.2401 4907.25 785.472 0.0546435
  20 89.2401 4902.58 785.457 0.0545914
  21 94.2401 4912.8 785.153 0.0547053
  22 99.2401 4900.18 782.469 0.0545647
  23 104.24 4909.51 785.625 0.0546686
  24 109.24 4898.27 784.093 0.0545434
  25 114.24 4906.92 785.94 0.0546398
  26 119.24 4894.66 789.599 0.0545032
  27 124.24 4902.9 790.006 0.054595
  28 129.24 4902.53 791.114 0.0545909
  29 134.24 4889.74 793.224 0.0544484
  30 139.24 4891.21 795.453 0.0544648
  31 144.24 4896.19 796.127 0.0545202
  32 149.24 4893.39 796.552 0.0544891
  33 154.24 4907.25 794.913 0.0546435
  34 159.24 4893.61 798.798 0.0544915
  35 164.24 4884.99 802.424 0.0543956
  36 169.24 4883.49 805.032 0.0543788
  37 174.24 4933.57 806.523 0.0549365
  38 179.24 4843.52 808.85 0.0539338
  39 184.24 5007.85 811.426 0.0557637
  40 189.24 4828.1 808.867 0.0537621
  41 194.24 4970.45 814.007 0.0553472
  42 199.24 4873.75 812.562 0.0542704
  43 204.24 4887.07 812.818 0.0544187
  44 209.24 4921.06 814.216 0.0547973
  45 214.24 4867.73 814.111 0.0542034
  46 219.24 4892.95 813.291 0.0544842
  47 224.24 4882.8 815.611 0.0543712
  48 229.24 4883.79 816.832 0.0543822
  49 234.24 4882.74 813.951 0.0543705
  50 239.24 4894.45 814.066 0.0545009
  51 244.24 4875.5 817.778 0.0542899
  52 249.24 4879.2 819.246 0.0543311
  53 254.24 4874.36 819.164 0.0542772
  54 259.24 4882.07 824.692 0.0543631
  55 264.24 4883.28 825.347 0.0543765
  56 269.24 4875.51 828.15 0.05429
  57 274.24 4873.1 831.257 0.0542631
  58 279.24 4870.05 831.658 0.0542292
  59 284.24 4868.64 833.627 0.0542135
  60 289.24 4875.96 833.413 0.0542951
  61 294.24 4879.87 834.945 0.0543386
  62 299.24 4880.48 834.182 0.0543453
  63 304.24 4866.74 832.718 0.0541923
  64 309.24 4871.39 831.428 0.0542441
  65 314.24 4877.06 827.154 0.0543072
  66 319.24 4872.93 825.756 0.0542613
  67 324.24 4870.1 827.838 0.0542297
  68 329.24 4882.11 822.417 0.0543635
  69 334.24 4883.49 819.628 0.0543789
  70 339.24 4874.42 820.977 0.0542779
  71 344.24 4874.1 819.401 0.0542743
  72 349.24 4880.41 819.35 0.0543445
  73 354.24 4882.02 821.017 0.0543625
  74 359.24 4880.82 818.733 0.0543491
  75 364.24 4882.89 815.201 0.0543722
  76 369.24 4883.16 812.194 0.0543752
  77 374.24 4885.03 810.812 0.054396
  78 379.24 4885.08 812.477 0.0543966
  79 384.24 4889.15 812.129 0.0544419
  80 389.24 4896.68 807.321 0.0545258
  81 394.24 2006.82 806.604 0.0223464
55000 81 393216.0000000003
  1 -5.75991 4881.49 806.984 0.0543566
  2 -0.759905 4893.4 806.987 0.0544892
  3 4.24009 4897.91 806.776 0.0545394
  4 9.24009 4889.32 805.072 0.0544437
  5 14.2401 4887.92 804.242 0.0544282
  6 19.2401 4881.74 802.225 0.0543594
  7 24.2401 4890.1 803.246 0.0544524
  8 29.2401 4898.17 798.803 0.0545423
  9 34.2401 4901.55 797.602 0.05458
  10 39.2401 4888.79 796.706 0.0544379
  11 44.2401 4896.43 796.269 0.054523
  12 49.2401 4896.01 793.852 0.0545183
  13 54.2401 4903.9 792.55 0.0546062
  14 59.2401 4900.03 790.504 0.0545631
  15 64.2401 4894.81 789.367 0.054505
  16 69.2401 4903.21 790.396 0.0545985
  17 74.2401 4911.32 785.076 0.0546888
  18 79.2401 4898.84 787.116 0.0545498
  19 84.2401 4908.37 786.982 0.054656
  20 89.2401 4896.56 786.265 0.0545244
  21 94.2401 4906.3 786.153 0.0546328
  22 99.2401 4914.54 784.374 0.0547247
  23 104.24 4900.68 784.848 0.0545702
  24 109.24 4912.29 784.55 0.0546995
  25 114.24 4904.53 784.462 0.0546131
  26 119.24 4898.23 785.68 0.054543
  27 124.24 4896.96 788.496 0.0545289
  28 129.24 4908.51 790.491 0.0546575
  29 134.24 4899.3 791.665 0.054555
  30 139.24 4892.72 793.623 0.0544816
  31 144.24 4895.48 796.53 0.0545124
  32 149.24 4900.26 800.836 0.0545656
  33 154.24 4894.78 799.446 0.0545045
  34 159.24 4889.84 801.939 0.0544496
  35 164.24 4888.92 800.082 0.0544394
  36 169.24 4898.88 800.953 0.0545503
  37 174.24 4930.69 801.852 0.0549045
  38 179.24 4846.32 806.099 0.0539649
  39 184.24 5015.63 810.017 0.0558502
  40 189.24 4811.42 810.914 0.0535763
  41 194.24 5001.4 810.657 0.0556919
  42 199.24 4854.04 813.309 0.0540509
  43 204.24 4903.1 815.033 0.0545972
  44 209.24 4909.77 818.452 0.0546715
  45 214.24 4866.71 818.867 0.0541921
  46 219.24 4884.23 817.885 0.0543871
  47 224.24 4881.59 818.584 0.0543577
  48 229.24 4877.54 815.945 0.0543127
  49 234.24 4878.61 819.329 0.0543245
  50 239.24 4886.05 821.339 0.0544073
  51 244.24 4879.21 818.979 0.0543312
  52 249.24 4874.4 817.805 0.0542776
  53 254.24 4879.02 818.869 0.0543291
  54 259.24 4880.4 819.286 0.0543444
  55 264.24 4880.08 822.679 0.0543409
  56 269.24 4878.41 826.213 0.0543223
  57 274.24 4869.12 828.009 0.0542188
  58 279.24 4872.3 828.692 0.0542543
  59 284.24 4863.94 831.187 0.0541612
  60 289.24 4871 833.044 0.0542398
  61 294.24 4880.67 834.549 0.0543474
  62 299.24 4873.07 829.293 0.0542629
  63 304.24 4871.73 830.581 0.0542479
  64 309.24 4872.88 827.969 0.0542607
  65 314.24 4879.12 826.413 0.0543302
  66 319.24 4874.67 825.647 0.0542807
  67 324.24 4875.92 824.484 0.0542946
  68 329.24 4875.49 823.179 0.0542898
  69 334.24 4884.93 819.598 0.0543949
  70 339.24 4883.48 820.905 0.0543788
  71 344.24 4877.61 822.234 0.0543134
  72 349.24 4873.93 822.602 0.0542724
  73 354.24 4878.16 822.699 0.0543195
  74 359.24 4877.08 818.93 0.0543075
  75 364.24 4889.94 814.425 0.0544507
  76 369.24 4876.78 812.851 0.0543041
  77 374.24 4889.04 809.838 0.0544406
  78 379.24 4880.03 810.118 0.0543403
  79 384.24 4881.34 810.66 0.0543549
  80 389.24 4891.37 808.994 0.0544666
  81 394.24 2011.67 806.843 0.0224005
60000 81 393216
  1 -5.75991 4884.87 806.301 0.0543943
  2 -0.759905 4886.77 807.135 0.0544154
  3 4.24009 4889.24 808.005 0.0544429
  4 9.24009 4899.25 809.383 0.0545544
  5 14.2401 4889.61 807.638 0.054447
  6 19.2401 4887.19 803.898 0.0544201
  7 24.2401 4889.88 803.441 0.0544501
  8 29.2401 4886.35 799.946 0.0544107
  9 34.2401 4901.46 797.366 0.0545789
  10 39.2401 4900.66 790.972 0.05457
  11 44.2401 4897.73 790.559 0.0545375
  12 49.2401 4900.23 791.07 0.0545652
  13 54.2401 4904.69 789.322 0.0546149
  14 59.2401 4894.91 791.704 0.0545061
  15 64.2401 4895.46 788.988 0.0545121
  16 69.2401 4904.22 789.36 0.0546097
  17 74.2401 4904.78 788.563 0.0546159
  18 79.2401 4904.24 783.618 0.05461
  19 84.2401 4905.97 785.792 0.0546292
  20 89.2401 4902.48 782.893 0.0545903
  21 94.2401 4899.01 783.623 0.0545517
  22 99.2401 4905.53 785.051 0.0546243
  23 104.24 4910.56 785.678 0.0546803
  24 109.24 4905.68 787.019 0.0546259
  25 114.24 4895.87 788.158 0.0545167
  26 119.24 4895.37 786.152 0.0545112
  27 124.24 4901.55 786.931 0.0545799
  28 129.24 4894.54 789.176 0.0545019
  29 134.24 4897.73 790.607 0.0545374
  30 139.24 4898.86 792.708 0.05455
  31 144.24 4898.46 796.663 0.0545456
  32 149.24 4892.07 796.431 0.0544744
  33 154.24 4891.98 799.212 0.0544734
  34 159.24 4894.5 800.396 0.0545014
  35 164.24 4887.84 801.024 0.0544273
  36 169.24 4890.33 802.013 0.0544551
  37 174.24 4941.23 803.654 0.0550218
  38 179.24 4837.99 805.709 0.0538722
  39 184.24 5027.92 809.006 0.0559871
  40 189.24 4812.09 814.617 0.0535838
  41 194.24 4971.49 815.508 0.0553588
  42 199.24 4894.14 817.673 0.0544974
  43 204.24 4875.41 817.315 0.0542888
  44 209.24 4939.12 814.691 0.0549983
  45 214.24 4857.81 816.878 0.0540929
  46 219.24 4884.68 815.408 0.0543921
  47 224.24 4886.81 811.865 0.0544158
  48 229.24 4884.17 818.426 0.0543865
  49 234.24 4878.36 820.115 0.0543217
  50 239.24 4875.84 820.785 0.0542937
  51 244.24 4878.92 820.315 0.054328
  52 249.24 4882.94 821.344 0.0543727
  53 254.24 4879.64 821.256 0.054336
  54 259.24 4872.36 824.288 0.0542549
  55 264.24 4872.72 826.878 0.054259
  56 269.24 4870.1 826.637 0.0542297
  57 274.24 4877.02 828.963 0.0543068
  58 279.24 4872.9 828.892 0.054261
  59 284.24 4881.5 829.163 0.0543567
  60 289.24 4873.65 831.16 0.0542693
  61 294.24 4870.36 831.234 0.0542326
  62 299.24 4878.84 830.408 0.0543271
  63 304.24 4879.15 828.456 0.0543306
  64 309.24 4875.66 826.745 0.0542917
  65 314.24 4873.8 825.81 0.054271
  66 319.24 4871.17 824.134 0.0542417
  67 324.24 4879.47 825.642 0.0543341
  68 329.24 4876.89 821.531 0.0543054
  69 334.24 4878.69 817.335 0.0543254
  70 339.24 4879.26 817.85 0.0543318
  71 344.24 4881.98 815.499 0.054362
  72 349.24 4882.45 817.003 0.0543673
  73 354.24 4880.71 821.014 0.0543479
  74 359.24 4878.88 818.735 0.0543276
  75 364.24 4878.86 820.071 0.0543273
  76 369.24 4884.69 816.716 0.0543923
  77 374.24 4881.39 816.579 0.0543555
  78 379.24 4886.63 811.964 0.0544138
  79 384.24 4883.33 811.43 0.0543771
  80 389.24 4882.01 809.946 0.0543623
  81 394.24 2013.09 808.225 0.0224162
65000 81 393216.00000000006
  1 -5.75991 4882.75 806.641 0.0543706
  2 -0.759905 4894.33 802.295 0.0544996
  3 4.24009 4885.85 802.61 0.0544052
  4 9.24009 4897.26 802.831 0.0545322
  5 14.2401 4890.43 801.86 0.0544561
  6 19.2401 4895.86 801.118 0.0545167
  7 24.2401 4896.19 799.967 0.0545203
  8 29.2401 4887.86 798.822 0.0544275
  9 34.2401 4891.52 799.525 0.0544683
  10 39.2401 4896.85 798.525 0.0545276
  11 44.2401 4890.6 794.591 0.0544581
  12 49.2401 4892.62 792.305 0.0544805
  13 54.2401 4909.7 790.097 0.0546708
  14 59.2401 4899.34 793.064 0.0545553
  15 64.2401 4901.57 790.77 0.0545801
  16 69.2401 4894.7 790.635 0.0545037
  17 74.2401 4903.81 790.877 0.0546051
  18 79.2401 4906.56 787.091 0.0546358
  19 84.2401 4900.27 786.598 0.0545657
  20 89.2401 4905.48 786.41 0.0546238
  21 94.2401 4904.8 785.439 0.0546161
  22 99.2401 4898.28 786.873 0.0545435
  23 104.24 4902.22 787.029 0.0545874
  24 109.24 4896.76 790.684 0.0545266
  25 114.24 4892.78 793.028 0.0544823
  26 119.24 4900.95 791.854 0.0545733
  27 124.24 4896.98 794.303 0.0545291
  28 129.24 4893.15 793.379 0.0544864
  29 134.24 4905.45 790.693 0.0546233
  30 139.24 4899.54 789.897 0.0545576
  31 144.24 4897.35 793.155 0.0545332
  32 149.24 4897.89 797.016 0.0545392
  33 154.24 4891.93 802.137 0.0544729
  34 159.24 4897.9 803.202 0.0545394
  35 164.24 4897.02 803.685 0.0545295
  36 169.24 4862.93 807.617 0.0541499
  37 174.24 4966.39 808.723 0.055302
  38 179.24 4837.92 812.818 0.0538714
  39 184.24 4986.96 811.769 0.0555311
  40 189.24 4867.57 808.948 0.0542016
  41 194.24 4927.7 812.044 0.0548711
  42 199.24 4948.23 813.265 0.0550998
  43 204.24 4851.22 814.937 0.0540195
  44 209.24 4955.59 817.479 0.0551817
  45 214.24 4856.37 818.669 0.0540768
  46 219.24 4892.46 815.991 0.0544788
  47 224.24 4882.14 816.591 0.0543639
  48 229.24 4877.6 821.322 0.0543133
  49 234.24 4882.67 819.85 0.0543698
  50 239.24 4877.33 821.101 0.0543103
  51 244.24 4875.97 821.831 0.0542951
  52 249.24 4875.95 823.373 0.0542949
  53 254.24 4866.13 825.989 0.0541856
  54 259.24 4880.02 824.374 0.0543402
  55 264.24 4872.18 827.139 0.0542529
  56 269.24 4881.12 826.387 0.0543525
  57 274.24 4874.96 825.7 0.0542839
  58 279.24 4869.26 827.78 0.0542205
  59 284.24 4880.97 828.299 0.0543508
  60 289.24 4869.19 832.272 0.0542196
  61 294.24 4869.52 834.44 0.0542233
  62 299.24 4869.81 833.371 0.0542265
  63 304.24 4882.63 830.493 0.0543693
  64 309.24 4877.12 829.674 0.0543079
  65 314.24 4871.95 826.938 0.0542504
  66 319.24 4874.96 822.674 0.0542839
  67 324.24 4875 822.252 0.0542843
  68 329.24 4884.57 818.972 0.0543909
  69 334.24 4876.39 819.522 0.0542998
  70 339.24 4886.32 821.142 0.0544104
  71 344.24 4869.61 819.103 0.0542243
  72 349.24 4882.25 820.579 0.054365
  73 354.24 4881.47 821.901 0.0543563
  74 359.24 4880.81 818.182 0.054349
  75 364.24 4888.77 817.528 0.0544377
  76 369.24 4880.7 815.36 0.0543478
  77 374.24 4888.49 814.433 0.0544345
  78 379.24 4876.07 814.578 0.0542963
  79 384.24 4889.58 815.253 0.0544467
  80 389.24 4884.02 812.383 0.0543848
  81 394.24 2010.55 811.487 0.0223879
